 16
-143 -154  136 -180 -196 -142 -106  -98  124 -192   41  115   14  166  -18   42
  54  -56  -72    4   85 -131 -174    9  173 -122 -195 -101 -163   55  -74 -106
 100   49  -87 -109  106    6   -8   31 -199   21  133 -198  174  -85   44   29
-154  -41 -167  131   28   45  127    1  123  -80 -113  159  174  199   40   74
  49  -59  -47  142  -66  -68  160  -65  152   93  -64  127   -4  -33  143   41
 126  -37  159  141 -191   87  -58  131 -193 -184 -122  180 -184  118 -158   64
  46  181  193  179  -86  154  -86 -134 -165   50  -20   30    4  -77   59  -70
  86   18 -129 -118   92  199    0   98    3   77 -134   18  182   95   69   28
  76   62    8  189 -196  -91   43 -161  -54 -177   68  150  133  114   67 -193
 -67  -74 -112 -175  112   87  -89  -85  151  163  -80  -78   58  188  149  122
-161  144  111 -158   41  141 -120  186  -48  -64  -76 -115 -150  191   78  169
 104  165  -18   16 -160 -120  -81  190 -157   38  -88 -111   27   49 -189   65
 180  -91 -106   21 -149  -26    8  189 -103  131 -126  -54  -90  151  -84    1
 -96 -115 -182  130  -36  -64  120    6  -39   20 -118  187   56 -108 -160   36
 188  121 -142   26   82 -147   15  178  -29 -124  111   81   14 -173 -118  117
 -89   86   47 -138    9  154   68  170  161  149  -55   17   29  172 -146   17
  93  -89 -157  -25  150 -155  140  -79  -80   51  -11  133 -134   71 -162  163
 144   84 -174  -46 -174 -119  111  187 -170   43    4 -154   15 -155   62   95
 142 -108   57   92  -64   -3 -186   55   36    2  175  101   60 -187 -148    5
-116 -123  -54  -90  -43   44 -103  174 -113 -112 -180 -110  -67 -130  184 -125
 148 -170  -45 -115 -186  -32  -73   49  -43   90  137 -182  102  189 -190  186
-134  142 -104 -189  -14  179  184 -140   54   -9  -51  -26   60  121 -163    9
 -62   -9 -119  -49  -54  194 -199  102   84  -75  -93  174  -86  -84  160  167
-142   43  177 -169 -190  161 -109 -149  -48   39   25    0  147 -151 -191 -115
-173   76   36  -28   70 -176   61  142  -52  168  116 -150   71 -136 -183  129
-106  193  159  -97  -58   37  -47 -119   64  -35 -132   11 -199 -124   96 -173
 -61  119  185   -3  -70   47  126 -135 -197   42  -86   73 -107  117  189  -14
-102  -63 -124 -173  173   28  -92   37  -19  -25 -151  -19 -161  -68  195  164
  38  180  -39  167 -185 -113 -168 -183  -84  133   90  195   50 -133  -19  -64
   3   56  -38  -23   72   69 -186   40   32   49    8 -142  180    3 -178 -194
 171  170  172  185   44   -8  -10  160  112   67  155  149  133  124 -115  -63
 -20   47  113   39  103  -86 -121  122  163   87  179  -69   77  -11  -63   48
 -41   96 -178 -197   75   11  -50  -13 -122   93  -63 -189   17 -191  134  -16
-157 -165 -176  146  -51   89 -144   99  -24   23   17   41 -188  -59 -111  157
  25  -90  159 -100  -92   97   87  -15  -10   11  183   -6 -193  117  177 -150
 152  -12  -17   88 -122   38  174 -159 -139   -9   81   59  132  -42   16  -43
-145  163 -156  -37   60  -82  -65   37  -84  105 -169  -77 -189   -5  -28  -50
 -29  -58 -162 -164  -33 -188 -124   28  189  -55 -113  -91  102 -109 -147  156
-146 -103  106  -99   14   29  137  130  -66  -45   40  -56  -63 -188 -119  107
 140  -82  142  -93  116    6  -78 -106  150  196    2 -160 -113   55  -17  127
 -61 -110 -172  152  118  -48 -130   39  106  109  -29 -157  -92   51  -62   35
 169 -120  142 -127   85 -136  -34 -177 -140  -44 -138  133   -2   45   60  136
 -78   87 -124   27 -161  133 -134  -68   42   36  -25  -62 -112  112  172   44
 -21  -98  116   52  -34   70   74 -187   13  136  146 -189  168  193  146 -110
-131    9  -96   94  -58  -31 -173  -28   -7  188  109   80 -112 -131  111   66
 -29   27  -82  136   84  -20  -64 -103  103   69   94   71   63   40  -52  131
-150 -161   25  178    7 -161  -50  -13 -173 -141 -133  -86  115  177  -32 -114
 192 -127    9 -136   52  144  148  142   14   42 -199   64   70  135   -5  -93
 173    7 -115  168   46   35  -45   72 -119   22  -26  195  186  -71 -119  -34
   1 -123   30   41 -178  165  -17 -177    7  -16   86   64  106   68  170   80
-125 -144   48  -92 -122 -197  -32  145 -188  141  141  -14 -130    9  151 -142
  86  168   98 -105  133   69  -83  128   40  -10   -8  -54 -142  -37 -174  119
-194 -139 -172   70 -136   -5   15   62  123  143 -152  -20  140  199   37 -186
 -45  123  -92 -111  179 -188    4   19    1  195  -48 -154  145  -22  164  -62
-174  -21 -192 -111  -39 -189  -61 -116  -59  -14 -149 -119  172   88   81  -72
 198  -24 -196  177  -13    7   -4  -25  189  147   20  -77  112  172   60  138
 -49 -144   14  112   53  152  -17  193  126   34   62   98  109  -57 -174  107
 119 -171 -128   93 -177 -145 -131    0  -11 -124  122   89   35  169   27  186
-175   28 -114 -135  168 -144   46   94 -123  -92  179  -27 -162 -194 -120  -56
  21  138 -162 -168  192   93   31  -18  168  -47   58    4  -78   72  177  134
-100   50  -14   55 -107 -168  136  -30  -61  116  142  164  121   10  -92  129
 -52  -55  -52  128   25  178   97   -6  118  -45  -15   28 -173  149  149  113
  -1  -65  -31 -121  -33  -95   48 -107 -179  178   44  -71  -12  152   46  -77
  84  193   38  -90  -40  -65 -109 -122 -123 -137 -107   90 -188 -158    4  197
 -23  -40 -124  -69 -148  -88 -189 -127 -110   55  188   77  194 -178  -13   78
-184 -174  -25  162  147   65   27   12  127  120  -98  -74  161 -107  -77  125
  52   -1   43  104 -102   54  -36  -13   96  139   51   90  161 -162  155  -36
  50  -69  -74  185  -17  152  184  -89 -140 -114 -176    9  166  -53  -66 -194
 -67  -35  109   30    6   60 -183  -98    0 -145  -21  -39   79  -66  -88  -70
-148   37  102   35  176   86  -67 -163  -41  -44   45  -75 -110  -34  -69   22
 130   27   39  -64   75 -157 -175 -125 -103    3 -177  176  -75  -66   93  163
 -42   -5   -2  121   68  130  157   14   74  189  139  163  -44   57  -14   73
  71   12   -3  -54   55 -191 -192  151  199   17  127  -76  -62 -192 -113   95
   2 -127   17   57  -10  161 -128 -136  151   -2 -172   94   42 -199  154  -87
  12  -49 -153   54  -40 -146    6  -41 -141  120 -130   -4  128  143 -108  117
-184 -104  162    6   44 -166 -143  182   31   71   76 -127   71 -181  172   71
 156 -181  112  103   60  -82   49  -94   26  118  101  141 -150  -20 -154   52
  75 -192   45  107   28  102   89   46  -27  -34  -94   32  171 -121   90  127
  84    2   31  131  -92 -120 -163  -79  -14  -74   49   35  105   94 -113  168
-110  -80   75  -95 -178  -36  151  181  -83 -143   13 -112  122   90    3  194
-107 -166  -87  187  -87  137  -92 -114 -137  156  -92  -45 -162  182  -77  -73
 -98  -15   32  -77  149  170   91   53   14   92  141  124  -18  -56  -94 -138
 164   18 -151   64  142  -44  150   -8   99 -142  147  137 -160 -130   51  128
-157   70 -149  191   40  -70   44   42 -178  172  -34    3  103   71 -147 -145
  76  -99  119 -193 -155 -143   -2  143  -86  -55 -132  141 -197  119   69 -155
 -11  -92   23   17   37   54 -141 -154   27 -188 -164  117 -130 -112  172  145
 -11   91  -61 -179  147  137  163   48 -118 -168  176   71  -62 -166  115  126
 128  125  130  -35  -20  188  197 -193  -13 -167  -89   56  -79 -117  189 -103
 -39  -72  -83   95 -135   67  131  134   98 -105    5   23  -72  108  137 -144
  33   67 -192    0 -156 -195    6   30 -162  -95 -113  145  -13 -124 -158  -64
   3  -42   18 -144 -175  -51  189  -89   44  181  133  -41 -123 -142 -197 -102
 125 -190   97  168    2   91  185 -173  195 -128  171  169  134 -187  -95  125
 -30  123  180  181   59  -43 -108   90  125   13 -150 -197   70 -148   87  182
  48  -16  150 -150 -125  136 -124   57   -5 -153   27  -70   46  -81   42    3
  29   22  -15   76  -34 -136  -34 -109   76 -197 -107  134   41  179  116 -110
 151   67  -61   13  190 -197 -129  172   36 -115   89 -117  190  -69   85 -192
 -60 -130   83  105  -66   36  196   -3   39   76  -69 -120   56 -152  -31  194
 -98 -104    7   79   85   77   51  -79  -51  128  190  -60   46   76  -53  186
 -67 -170   91 -146   65 -125 -161   91  151  -31  171  194 -196  127  188  -95
-177   -5  -29 -105   60   10   16 -191  -62    6  -52  183   69 -118  -43 -197
  98 -151   43  -36  110   81   42   61   38   13   55   41  128   43  -66  -62
  26  104   33 -114  101 -151 -106 -161 -158 -170   10  111  -89  166  -99 -190
   2  143  160  -87 -187    2  -39   50    3 -183   78  -69 -153 -188   68   72
 -96  -99  157 -195  136   39   31  178   68 -159 -123  178   -6  -23  -25  196
 107  122   96  119  112 -143  156  -85 -127   35 -167  107   46 -112  -21  -63
 -11  124  -58  112  -37  172   90 -169    0  166   -4  193  130  -41  -23   38
-119 -127  -43  192  117  101   94  -23  -64  126 -116  -31 -185   63  106  190
 -13   35  102  -63  194  180  -33   -6  -66  -50  174 -135  108  -48 -110  189
-188 -166  -31  128  134 -136  -94 -130  189  -11   39   -9   39  -55  -19   13
 -33   71  149  -39 -161  -84  154  -28   66  128 -176  161   67  100  150   79
 134  -80  194   68  -17 -100  -74  159 -123  -48  -49  115 -116  -81  -71   50
 189   65 -189 -172  -31  164  187   22 -120   -2  -17  -65 -101  121 -186   20
-159 -192   75 -189   95 -199  -43  171  139 -105 -126 -177   14    2   72  190
  55   82    6 -176 -166   -7   45  101  -22 -172 -164 -136  -64   36   83  163
-169  -41  173  125  146  118 -116   86 -187  -42  108   26  -53  168   17 -198
-162   10 -175 -128 -197 -143  -40  167   72  182 -168 -192   18  -98  171 -164
-152  -68  161  194 -150 -155 -132   50    2  -37 -124  149  -69 -120  -62  156
  89  -37   15 -121 -193  174   34   78  156   65   86  161  166 -155  196 -185
 -24  -55   -4 -186  -10 -149   63  -21   13  -74  115  -68  193 -146 -112 -130
-196  102  -51 -190 -136  -30 -124    7 -165  -51  -32  -12   -7  -36  189  168
 109  172  -31   86 -177 -168   52 -176  -42  -32  142  -49 -191   17   20   -1
 106  -44  195  169  125 -129  -24  -53   19  -69  135 -188 -118  -88  -32  -22
-115  -76 -136   94  -44  -96  117  -99 -141   59   51   54   63   58 -147  -31
   2 -152  125  -73  106  -99 -138  -75 -181  -16  124  -99   95   79   78  -33
-197  -70 -138  145 -179  178 -154 -121 -174 -116  132   88  -70  -28   45  131
-193  -30   45  112 -141  106 -162 -123 -110  -51  164  -27   15   43  139   17
 -40 -199  -37  167  -33  195 -154  179 -120  -35 -145  196  -76   99  127  -70
-130  -28 -157  -72 -121 -120    4  155 -184  -31  -72   30   -1 -132   34  -54
  55  -16  -87    9  -20  145  -12 -153   97   43 -157 -179  129  169  -50  198
 128   -8  113   -6 -141  105  -50   61   61 -135 -109 -140  -68  125  192  -25
 -91   92  183 -124 -175  159  -78  121    2  151  -71  118  -92 -134  117 -163
  58   30   30  -96  122  -33  165  -17   32   43 -170  -49  -32 -178  125 -135
 -99 -103  127  -75 -144 -150   33 -155  -12  -51  162   96   15 -133  -80   60
-115  -63  163 -193  104  -84  -10  -64  159   19 -126  114 -171  -13  -34  116
  83 -106   29  -74  130   49  -30  -82  198  119    1   13  186  120   60   58
  45   23   64  -51  -73   41 -128   73   48  -55  -13 -136  131  153  179 -198
  34    8  -73  -36 -142 -116 -131   43 -196   70   43  -23  177  -97 -165   22
 -87 -114  -42   39  127   29  -88  -25  -38 -113   38   80   27 -195 -130 -139
  13   -4 -188 -142   80 -120 -112   83  149  130 -140  -85 -167   81  -76  -55
 166   82  -28 -119   98 -129 -157   47  -43 -132  -72  -29 -127   -3   31 -127
 -20 -170  117 -140  -90 -195  -70   46  134  176  160  -46   57 -115   98 -188
 166   57 -108 -148  128  -65   99   72    2   14 -156   74 -189 -138  146  177
-108 -149 -162    1 -145  154 -153  188  131   -5  129  175 -133   28  186   20
  72 -121   71    0   13  -30   60 -185  183  103 -123  -19  164   10  -41 -144
  61  183 -156  115  137   78 -108 -144 -127 -179 -168  -61 -164 -182  158 -104
  83   29   95   83  -13  142   98  157   45  -38  -61  197  171 -115   40 -180
-132   84  135   -8  149   14   48 -178 -178 -133  147 -142   71 -107  -47  -45
 -91   35 -162   95  165  -77   53   10   84  -21  194 -156   63   35 -137  -82
 106  -15  109   55  -14  -43 -136    8 -189   -2 -147   82   90  192 -163  -14
-185 -126 -118  179  184  -78  177 -144 -112  171 -101  150    6  149 -132   99
 121  -36  -46  -92  -91 -195  -97  -81    2  142 -199   79  134 -163 -134  -64
  98  134  -84 -130   43   80  -75  130   51   24 -132   45  160  122  -56   81
-114 -114  -24   -6 -110 -134  -99 -120 -192  -99  158  -71  125 -176   65 -189
 157  -32 -120    0 -152    4  117   98   15  184  -57  -25 -106 -125   44  -20
 -40    7  -39   49   73 -151  128   80  -50 -125   -3   62 -102 -138   72   43
  29  151   30 -136  -45  -52  -51  170  119 -120  132 -186  -46  163  180  113
 -29  128  149 -156  177 -134  -89  114  -60  107  -24   37  -44 -152   67  -28
 198 -102   35  140 -167  184  110  -61   51 -169  139 -195  193  119  117  -36
-164 -146  194 -187  -81   93  126   58  187  -98   83  -56  136  -50  115  134
-165  138   74   54  -90  172  193  160 -197  132  -48  -17 -160   56  -65 -125
 109  -71   74   16    9  187 -126   -3   76  -56  140   12 -118 -157  133  103
 -32    7  -42 -135  166  -49   12  -44   70  163  139  109   19   61  -29  -71
 189 -155  144   -1 -168    5  195  107  -63  -77  -81   18  152   39  -79  -79
-153   78  -15    0   16  -15  -56   74  -52   70  -17  167  -69  154   83  -80
 -14 -185  -94   18   19   88  112  155   -2   19  160  -49 -142 -118 -141   91
 -53 -169 -108  -49   15 -177 -175  163   92  194  -82 -177  -64 -199  129  122
-185 -164  127 -179  -89   39  -36  109   45  -76 -140  103  192  -82  181  127
 -52   60 -122  -49   82   89  -86  -26   83   31   -4 -180 -181  -74  141 -167
 148 -144   40 -141   94 -196  167  -60  115   14   30  107  -81   11 -178 -145
-128   86    5  -59  -25  -94  115 -141  136   98   65  -58 -176    6  -26  -41
  61    1   18  142    5  172   69  107  174   86 -198 -107   85 -176  -53  156
 109  -61 -103 -115   44   -1  130  167 -102   -5  -91  108  -12 -130 -132   36
  71   85  165   63 -155   35  -30 -181  108  -29  -88   -7   -6 -154  136   91
 -15   21  -37   16 -180 -107  -16  -83 -125   92 -174   62  162   80 -102   33
 152   50 -104  196 -115 -147    3  193   23  -98  173    5  -53  110 -104  -81
 -69 -154  -77  -50  -62  106 -145   12   -2   67   61  147  -53  -54  167 -101
 195 -137   82   68  102 -115 -151  -74  -14 -178  -82  -79  131 -199 -173 -138
-154  -51  199  -17   42 -146  -18 -159  120   30  -25   54  175  -57  152  170
 192   34   38   95  -93   86    8 -120 -104  125  187 -173  125 -185 -111  170
 150   75  140   -7  128  109 -179 -164  -61   -5   89  -86  -75 -171   71  -82
-150   97    0  143  170 -192 -176 -134  132 -189 -107 -155   12  168    2  -37
  43  -58  155  158   38  -37  -19  176  157 -130   77 -117   85  -52  187  -78
  32  -13 -134    3   -6 -111   68  113   86  -52  -55 -101  -84  146   61  -54
  75 -196  -96  -87  -34   84   76  110  -59  -47  192   13 -112  -33  135  -92
 153 -199  110  134   76  165   47  -38  -86  191   60 -183  -75  108  150  199
 111 -146   99   64  -74  -25  -25 -146  -85  154 -145  190  -78  189 -102   62
 -23   -5   -3 -147  147   31 -198 -139 -189   62   65  122  157   15  122 -143
-144 -191  120  168  -16 -105 -177 -114   37 -123 -124  -54   53  160 -192 -170
 142  191   69   90 -189 -142  -62    8  -93 -197  -70 -135   17   39  -79 -139
  48 -159 -171 -168  123   38  104  147  114  -32 -107  154  115   87  -29   58
-133 -160  -52   64   85   85 -128  191 -124    1 -144 -120   28  -24  -60 -124
-195  156   94  -85   -6   -2 -138   96  -47  141   50 -131 -184 -178  126   69
  48   61  -67  -67  133    4  -75 -191   -7  167   76 -179  131    3 -104  135
 -41  189   37  153  174   98 -163  -72 -173   86   -4   29 -105  109 -101  143
 -30   31   63   90 -164  187 -113 -184  155  162 -164   86  152  118 -191  -88
-105   45   52 -131  130   88  183  -56  161  -21  172 -143   75 -129  -13   32
 102 -150  -77  -75 -162    9  -60  -20  -29  -25   53  -77   80   61 -178  174
  93 -139 -157   23  148 -173  -46  110  192  -74  -46 -144  184  140   87   86
 189 -190   -2   14   18  137  193  -24   99 -166 -113  -21   94   95  -47  174
 156  182  184 -108   -4  -62  -11  176 -148  142 -168 -164   82  118  121 -140
 -84  106   73  133   43 -145   97  129 -112  -29  -92  -30 -134 -152  -56    9
  17  116  101 -186 -146 -110  189  -95 -167    8  127  -98  113   48  -39 -171
 141   22  -50  -16   76 -153  -87  163 -195 -192  120   57   42 -135 -133 -140
 -32  -45 -127   21   44   49  -86 -136 -143 -159  153  169 -123  -86  198 -182
 -77  -52  189  198  181   89  -50  -27   97 -130 -170  -61  121   83   -2 -111
-162 -142 -102   82  106  198  -67  -50 -161 -114  -80  102  187  105  -92  -90
  40 -103   96 -191  185 -154  -19 -130  102  197    9 -188   81   -6   87  118
-160  184  187  145  182  108 -104    9  -19 -197   98  -32 -105 -194 -134  134
 -98  161  -70   75   -6  110  144   83 -105  140   94  175  122  -18 -118  161
 153   56  106  -76  151  -11  -80  -67  178 -182  100 -127 -176  -47   -6  112
 101  123  -13 -105 -179  119  -34  -84   59 -140 -109  -19 -171  159  -58  -30
-196   36   93  154 -175 -187 -113   -9   17  -25   63   40  127 -142  140   29
 -32  114  -89  -11   33   76  104   80  -76  -18 -139  139  129  190  -91  132
  26  -11   86 -162  188  173   28    6  135   79   33   62  136  160   78   91
  75  189 -120  -92 -147  183  187  163  153   36  103   82   26   -1   14   39
 188 -100   76  176   60   92  169  182  -29  190   45   94  150  110  -15   25
-113   65  -79  -60 -164   95   90  188  118   -7   70  -56  192   71  182  -32
 171 -153  131 -181  138 -111 -198  -91 -121 -166 -197 -171  143  174 -158   18
  39  -38  -55 -137   44 -165 -149  -37 -184  -91 -106 -192  179   64  162  -62
 110   93  144 -164  -31  145  -56   47  -34  133   76   96 -105  117  -86  134
  66   58  196   97   93   34 -140  108  142  -46  -97  122 -182   52   47  -85
 132   -9  -50  -98  123 -119  148 -111    1 -188  -27   95  -84   86   29  -31
 132 -187 -133 -187 -165  -74  -92  176 -133  197 -114 -116   49  -79   -2  -19
 111  -65 -130   35   15    6  -89 -184   17   83  111  133  157  127   89   89
 140  155  101  -38 -118 -191  -62  -52 -194 -188 -180 -158  -68 -195 -190   30
 -60 -120   52  154   85  163  -42  -98 -166 -131   22  190  195  -88   79  -77
  54  -20   84  135  175   10   71  -32 -191 -122    9  127 -118   19  -43 -191
  98   -3  -49  170  -40  108   59   -7  176   69  171  -41  -32   50   82 -178
  18  153  -55   -7  150    3  -51  -54   80  157 -127  -51  -24 -182  -42   61
  14  108 -181  -39 -196   78  -59  179  -53  -88  125  114  162  194  135  167
 148   67  147 -114 -130 -104   32  149 -146 -108   86 -183  -91 -156 -134  -90
 -61 -116   70  -58  161   -1  108  -92  110   33    9 -140 -184  132 -173  163
  -1  -38   36   69   57 -132 -194  110  -40   91  -85 -144  -78  -20  -34   60
  63   23  -11   25    9   84  -80  -80  105  129  166  120 -151  -19 -129   47
 142  106  103   -1  -38  109   97  -91    0 -188  -36  122   -9  -83  169   41
 -72  -41 -134  136   30  173   43  -65 -110  197 -145  -62  -22  112  -28  -80
  19 -124  -94  -32  184  -10   76  171    1   27 -119  -21  -68 -149 -179   59
 196   73  182   26   46 -186  -51  135 -189  190   60  -12  103 -167 -105  -78
 -92  187   89   79  -22  152 -162  178  -21  -81  145 -102  -31  165  156  152
-174  -73  165   72  -60  -86  194  -50  -95   55  -75 -192   87 -193  116  -18
 193  192 -139  -29  144 -102  137  110   16   82 -191  -28 -165  -48  -76 -140
  78 -110  -81    5  190  -86  -58 -105  168 -146   89   55 -140    5 -163 -146
  -3   84 -188  128  -31  -64 -173  -27 -182 -165  144   39  173   56 -113 -160
 -67    5   44  110  -94  186 -194 -126 -160   94  -84   87   87  139  -72 -116
-189  -61    0  -20   75   26  -60 -120 -152 -116  -93 -179  -73   -7 -140 -153
 -15  104  157 -121 -122  -50  -48  104   31 -144   -9  -82  -18  118  189  180
  45  176  -40  -80    2   99  186   49  -30 -107   69 -115 -127  -83  118   58
   8 -137  136   85   12   75  176   31  -82  155  148 -112 -139  -75 -132  105
 -99 -185   12 -110  -99  186  138   70 -121  195  -58  -48  -88   48   -3  -93
 110  120  -21  110  182  -45  -59  -99   97   76  175  158  -11 -157 -149   89
-143 -149  179  -43   24  -95   14  102   87  -56   41  -14  191   25   92 -111
 -55 -129  198  115   26  126    3  110  190  -22 -144  -21   20  -93   55 -136
 144 -178   20  -32  -73   21   57    1  164   86  187  155  -89   79   32 -156
 150   30  158  163  144  148 -139  134  -74  -83  100  145 -189  -45 -191  154
 -23 -184  109 -109   36  153   91    1   39 -134  143  150  145  -25  -19 -117
  -7  126   33  -63   74   93 -129  199 -190  170  -68 -180  112  127  -39   76
 142   57  166  -22   11 -154  -34 -150  -89  -90  -13 -144 -128  167  125   64
  93  -42 -199  -33 -148   58  153   48 -184 -115   68  -84 -188   16  191  -59
-126  158  -93   84   -9   72  133  101  -31  -79  -55   41   75 -130   92  -31
-184   93  -77   54  138   64  -98  -58  -64  -43   57  135  173   48 -124 -153
 193  -18  -82  -16   42   38 -114 -189  158 -182 -161   34   74  131  -10   89
-188 -100  -57  -63  -49   45   78   87 -198  122   22  -38  -29 -115  195  -36
-145  -87  -64   96  151 -191 -106 -103 -174  120  -82   99 -161 -105  -11 -150
  -5  -81  173  145  163   52 -180  -47  -26   41  114  -68  -86  110 -116  -32
  10   19   51  148   27  144 -154 -160 -148  150  -74 -110 -154  114  126 -172
-166  100  -40  -16  139  -20  136  100    8 -161 -167  121  -64  -84 -111  145
 -78  139   94  -64 -128  -73  -25  110 -123  100  -12  -78 -197  -86  -51   23
   1 -103 -193  -60   76  -69 -159 -116  -31   60 -194  104  -37   81 -163   84
-191  -82 -180   67   44  181  -23  -91 -131  164 -182   58   66  154 -119 -133
-149   75  194  126   -7 -165   -3  -51 -118  189   40   44   71   76  -72 -133
 -18  134  133   13  -97   97  121  -29 -150  139 -170  -97   93   97  -31  -69
 159  150 -143  -48  -28   53 -112   53 -169  127 -103  101  191 -188  167  -27
 145 -112  185 -152  -28  107 -193   21 -166   23  -89  -86  107   80   44   67
-182 -112    6  -10  -72   94 -157  -42   21  -60   46   12  -49 -199  184   84
-112  -42  -81 -152 -135  112   68   85  -65  179  198 -157 -153 -170 -103 -136
 -83 -110 -159   44  183 -116  -10  192 -189 -164  191  148 -163  -36   32  111
 121  -61  158  -27 -149 -185 -142  -14  -19 -144 -184   27   72   99 -122  188
 188  -81 -180  172  189    9  -48  199   45  -57  147   81  106  167   -8   27
 -94  138  199  -44  152 -143  -71  -67   99  131  159  -29   30   24  146   19
 -70  166  178  -81  162  -70  105    7   72   53   75  166 -192   55   -7  -87
  -7   -7 -144  -55 -163  172   77  -76  103 -176 -118  121 -165   16  127  152
 -18  105 -129  -56   22  176  -61   81 -183    1   47 -176 -144   28  123 -164
   8  -34  167 -168  -62 -168  -45 -158 -145 -175  162   77   40   89   29    9
 181 -113  152  190   50   78   71   66 -120  106 -123  122  -66  -13  -54  141
 153  -87  -40   78  -55  115  119  186  -73 -131   63  166  -55 -108  -25  -74
 -21  114  103 -171  180  -25 -117   47   68  146  -31  -11  121  -98  -70 -138
  15 -123  139  -53  191   59  -67  105  -85  -16   71   60 -137   33  -27 -171
 135 -123 -142  115 -161  127  -38  106 -139  -82 -105  181   20 -188 -157   22
-112  182  -44   67 -171   88  -28  -57   59   31  -10  122 -136  163  150  198
  27   -5  -99   65  109   62  158  170  -32 -147  -61  -25   51  -18  196  138
 151  139  192  179 -185  -35  109   74  195   87   -4   46 -162  133 -167   64
 -71  -67  116 -162  195   74   -5  150  -86  134  -75  164  103  108 -110   54
  47 -117 -179   61 -165  -83  122   17 -196  -82 -137 -159   39 -105 -108  167
  28 -192   -8 -189   81  -25  160  194  -91   72  -54 -188  -20 -176 -147 -173
 -94   60 -125  127  176  197  -56  180  102  193    8  -59   76  100   95   91
 107   75  101  176 -150 -151  -42  145  120 -108  -56   87  -85   -4  -99 -192
-144  -25  134   19  159   65  186   62   58   -5  -10  121   82   73   12  176
 -52  100  152  184  148   98  129 -144  189   60  -70  -96   43   30   98   98
  -7   32  104  -48 -103   91    1  -58 -114  -21 -136  -45 -148   75  -69  186
 163   71  -42  111  -31 -113  -45  145  -66   84   36  176  102  -66 -138 -105
 165  165   46   49   56   35  -22  -71 -186   41   83   52  104    2   38   67
-127  195  165 -171   69  107  173 -197  179  196  -34   81  -70   27  175   82
  -8 -191  118   36 -169 -104  -48 -156  -75 -164   95   16 -175  120 -117 -103
 -97   35  -75  171  130   85  -39  109   81  126  -10   -2  -47  152   67  -67
 -52  -15  168  -21 -132  -80 -190   -8  142  105 -192  166 -187   77   50  -84
 100  -38   74   30 -153 -164  -61  -85  -51  128 -100 -110 -132  166   22   15
 138  177  193 -193   84 -196   -2 -185 -104  193  -32   95 -142 -181 -189  157
 -20   85  -13 -185  -92  125  -71   56 -159   29  -67  -92  182  154  -89  121
 -81  -96  127 -196   94  112 -182  189 -107  172   85  -49  190 -117  -92  158
 -45   95  172   62 -192   88  106 -151  -83   26  143 -100  -19 -146    8 -113
 -42  -65 -110   39   34   94   29  127   67  101 -122 -155  183  -15 -197  126
  67  174  175   75   63 -131  123  -33   95 -146 -146 -124  -92   61  -38 -147
 -17 -160   91 -182  -79  107  144  187    8    9   20  179  -19   22  105 -151
  -3   80  -89   47  149   21    1 -168   74   55  -93  -31  103 -144   21 -113
  82  100   91 -196    7 -177  -22    3   31  197  169 -188   20   74   47    4
 141  157   38 -122  -22 -161  -91   40 -119 -197 -191  184   46   30 -129  -72
 117  161  118  -76  183 -103  -86 -198   81 -117    0   88  -56 -152   79   73
  -8  -83  -62  -42  143   47  197 -176 -163 -194 -192   82 -177   65   -2  139
  26  -84   51  196  199  -48  -15   81   35  185  156  -34   20   36   26 -188
 152  164  -31 -117  198  -34  -93 -165  159  101  -95  181  -33 -110  -91  -20
   5  -53  164  192   98  -51   73  120  -66   29   74  153   52 -100  165  192
-136  121 -125   49   75  168 -128   34   70  -24 -197 -163   65   98   16   57
-155  -20 -163  -69  -83  109 -149   50  126  124  191  165   12  156  157 -137
-135 -167  112  139 -199  183  160 -142  146  -49 -106  198 -151 -102 -157   81
-135 -120 -188  -19  -24   49 -168   89  -26   10   55  -27  153   12   35 -182
-168  134  -55   20  117  -95   77 -149 -157  -41 -151 -108   56 -108  -40  -92
 -29  -29   89  -66 -180  -92 -176  180  117   78  -47   70   77  -24 -125  109
 -90   19  116   15  -88   -7   65  -46  -61  -98   45  194  180   -8   90  138
 162  -21 -128  -30 -126 -105  -50  -22  -40 -109 -152 -162 -146  109  146  -37
 -71   62  -35   40   42   18  193  181  119 -173  -37   99   18 -147 -175  168
-181 -104  -62   79  178 -125 -143  -62  -35   91  -25   18    1  108  -31  -83
 157  -79  156    0  138  -63  168   57  150  118  143  156  -41  167  -88  -23
  51   49 -143   29  123  100  166   76   -8  129   81  -20   37   37   96  182
 158 -160  169   96  163  137  141  114 -157   84 -142    1 -160  -31  -34   90
   5 -190  106  115  109 -140   -9   88  -24   60 -132 -186   84  -49  -17   42
 -10  -48  126  -46   76   67   55  118  138  112  -80  -35   68 -127   42 -127
-118  -52  187  190  195  166 -133  -29 -186  121  171   97 -127  -46  127   62
 105 -159    3  -19  107 -142   87 -167  -43   -6   -2 -175   66 -160   84  147
 175 -140  -75  170 -174   -9  128   26  -87  100  -77  -15   41   37   34  -53
  77 -162  -85  171   82  -11 -195 -160  182  189   51   48 -171  -64   -5   -9
  -5  -92  148 -192   98   77   33   -2  -23  -57  -30 -182  -32 -195  151 -155
  29   54    4  -89 -157  195  137 -174  184  -11   73    0  124   56  191  106
 163  139  113 -151 -196  133   47  -20 -124 -183  185   43    8  -76 -124 -163
 177   79  -52 -179   74 -115   33 -154 -139  -94   45  184  -51 -176 -122  -88
 -49  190  -39  -46  123   -5  -78  -13   11  -93 -170 -180 -182   92   43  195
 -29  190    3   32   63 -164   77  -89  128  110   83 -122  -79  160  176   71
 151  124   13 -138  -81  134   48  130   28 -134  -63   45  157  179   40  116
 -42   30  135    8   65   13  118   -6  110    1 -141 -169  -38 -165 -110  100
 159  102  161 -122 -176  197   -5   51   50  -81 -104    7 -101  -76  110 -156
 153   46   51   19   46  -31    0  143  -42   58  173  119 -120   50 -193   26
 139  -45 -108  162  -48 -126   13  -11   -7 -103  196   91   20 -106  134  -27
 139  172  -21  172  128  -34  115 -114 -176 -123   -8   91  126   -2  -83   66
 153  195 -184   92 -130   29 -118   62  125   65  140  132  158 -138   92 -114
-166 -128 -142  161   37  173 -152 -151 -150   39  -73  -37   25   43   16  -22
-173   32   57 -104   48  138  157  -27    3 -115   92  149  -54  -16 -165  -21
  55   79  127   80   52  174  -84 -111 -198   42   52 -186   72 -132   -9   98
-113 -152  193  134  -26  -62   94  -36   22  -14  -87  167  170  134  133 -187
  14   61   92   53 -177 -192  142   11 -163  181   24  109 -151 -185    7  123
  50  188   57   11  113  -48  174  -64  137 -112   90  107    9   24  -92 -177
-115  199   76  -93   -5   18  -94   31  186  129  127 -165  144  -65  -55  181
 110 -197   -8   23  -46  153  -54   78 -159 -163  173 -162   60 -119 -140  -68
  67  -77 -174 -138  -72  -69 -119  -86 -139 -192  136   -8  129 -119  160   39
-117  -48   50 -176   92  195  102  -79 -168 -137  -42 -121  -57   17  197 -190
 -72 -176   59   55  141  139  169 -198  146  105  180 -136  -27  140  102   56
  79  139 -133  -28  135  -44   92  -46   18 -150 -179  -52 -146 -182  145  -19
  28    4 -163  -30  130   -7  158 -136 -102  139  -73 -142   79   17  113  -41
 -44  -32  -82   78  123 -190   20  129   46   40 -123   99   57    9   68 -114
-187  104 -157  142   84 -199 -193  -31  139  120   26 -193  -63  127  152 -119
-105 -130  158    5   66  -22  -66  -88 -182  198   -2 -137    7 -134  135 -192
 -43  177  149 -159  177  -57    9  -95   51 -164  -89  187  162 -137 -132 -143
 -68   14 -151  197  191  -17   96   -3  168 -106 -153  -25  -40  -31  -18  116
 -54  119  157  110   49  153 -185 -100  188  -75   75  -62  174  142  181  -94
 143 -169   90  135 -199  -14  119  168   80  -47  130   27  121  100  -57   54
  19   87  -36 -132 -171  166  155 -183   78   30  142   53  159  123  -54  103
 -59 -163 -174  -59 -190  -68   96 -123   84   27  103    5  -73   34 -141  -67
 -79 -190  187  136  -37  142  153 -158  159 -117 -118  119   -7   27 -190  134
-149 -165   62 -139  -34  -41  124   37  -27   28   29 -113 -138 -125   19  169
-116    6  106   47  136 -153 -124   95  -71  -43 -198  121  -29 -189 -157   22
-155  105 -130  197   51  193   34 -176 -191 -137   97 -130  -63  -84   27 -191
 -91  -67 -157 -155  166  -82  -72 -105 -138  -71    3   32  -60 -166   41  171
 -74 -102  -43  176   79  -22  -13   87 -171 -116  -55  152  186  171  160 -105
 -96  -10  -60   57  107 -145  -61  -44  -17  -71  -24  -90  -38 -183   69   87
 102   13 -149  -19  190   37 -132 -181  -92   12  171 -106  -17  -81  -11 -126
 109  -84  130 -196  157 -131  -40  127   -2  135   25  -53  -61 -106 -165 -159
-106   72   21 -116   97 -123   90 -195   88 -151   86   59  154 -125  -80   63
 177   38 -145  134 -106 -198   61 -121  136 -114   26   62  166 -152 -109 -140
 119 -101  131 -196  -25 -191 -191   51 -143   94   97 -189  -44 -183 -138  120
-158  -84 -158  -64  -83  102   14   40  -24   27   89  129 -138  179  -23  -31
-121  -92  -28   53  103  -20   91  159   61  -12  -43    4    5 -194  -76   46
 -79  152  -31 -175   55  -29 -148   18  197  141  134 -140  120  -89 -184  -14
-194  -13 -160  108  -45  130 -145 -184  106  199 -192   98 -195  118  131  113
  71  -99  137  113   71  -23  -69 -144  -82   52  102   25  163  117 -188  -44
 -95   38   52   59  155  106 -138   61  105 -131  -41 -102  -25 -109 -189 -154
  -9  -65  158   49  111   76  104   16  -72    7 -158   78  -76 -147   22 -184
-122 -126   74 -167  179  -76   94 -127  179   40  157  -46  130  167  186  108
  89  144  144    1 -192   49    4  123   43   45    1  -46 -115   10  -30  -38
  83   31   -5 -149  -58   76  -77  -78  103   67 -137   34   34 -150  129  -77
 -19   74  -89  -11  110  115  -88  -47  147 -100 -106 -167  110   63  181   -7
  82  163   43 -176 -173  -47  132  130 -180  195  151 -159 -155   80  151   25
 141   49    1   51  151  112   -9   99    0   85  -81   97  135 -100 -110   17
  51  -79 -171   77 -139  160  194   68  -57  145  108  174   26 -153  187  -33
  96  -12    6   47   88  196  -54   75 -131 -148  -28 -195  139   61 -191  -10
 -31 -163   54 -182  -15   49   85  127   -6   -7 -110    7 -172 -123  -38  123
  64  167  -30  139  -49  -96   14   20  -45  185 -188 -106 -165 -180 -129  190
  44  -87 -192 -171  161   92  -57  142   73   32  137  100  108 -101   23  160
  53  -20   99   -9   83  -86 -189   26   86 -178  -93  120   29  165  111 -127
-122  118  -99   26  198 -169  155   71   63   92  158  158  190  168  118 -169
 -52 -194   22   19  106 -180   32   -8   29  138  -87 -142 -109   11  117  -32
 116    5  -19  114   35  -63  172   85 -171  130   44    7   98  -38 -175   34
 154   46 -147   60 -146   84 -147   82 -190  152  -73   88  -37 -156   43 -121
  48 -175  -19   70  -39  -47  -44  176   71  199  170  156  148  195  -10  103
-171   42  -37 -118  113 -197  -49  -89  154 -135  198  104  -92   41  -29  -57
-147  151 -186 -199   91  156  -35  -38  -57  -65  106 -109  -70 -104  -19  146
 138  -68   15 -161  -66  166  -51 -111 -169  134  192  126  163  -37   56 -184
 101 -143 -183  180 -187  -19  129  -45  -97   35 -166 -179  131   14  166 -143
 145  168 -105   67  134 -168  -57  -47  -47  122   66  -84   73  -78  -68  -26
 -21  135  -46  178  103 -116  -66 -194  118  -33 -174   49  -32  -21 -107  101
 -52  175  -32   69 -193 -102    9  -41 -180   62 -137   92  184   -6 -133  150
 116 -192  128 -193 -109   49 -188   -3 -184   25   33  171   -9  126   72  -74
 101   27  195 -105  124  191 -159  143   54  -97   36 -174 -116 -110  -37  199
-103   78 -194  175  -72    5  -28  130   17   -8  101   -5  -82  -27  121    6
 -13  -96  100  -89   82  -71 -145  -64   31   90  148  115  -33   98  -98   63
 -23   95   38  104   87   -3   34   91  189  123 -114   94   83   -6  -99 -129
  97  -12  -19  -20  116   35  -97  135  112   39 -162 -121  -63  -61  -70  113
  21  -45 -195  -92  152 -173  198  141  149   72 -177   32 -134  -77  102  -49
-101 -116  130    2  -94   20  -63    6 -141  -26 -128  183  -99    1   96  121
 -56 -111   17 -104  -85 -197   24 -136   74   46   95  -72  -43  185   78   55
  56  195 -143  -51   15  181  154 -138  142   14 -155   30    2  -72  139  145
  16  -44 -159  -82  145 -148  -19 -192   98   64  -65 -145 -163 -187 -103   92
-192  140   28 -190  121  -17   58 -148  -16 -110   81  185 -194   20  131   21
 -37  -41  -73  -91   11  107  -84   96  158   50  150  194 -150 -153 -126   44
 186  102 -159 -104   72   99  134 -144  188   15   28  193   23  -41 -197  185
 -94  -71   81  -96   23  196  199  -18 -166  -63  163   70  -17 -162  101  156
 139  142   39   11 -171  -27 -146    4  -24   81  185  198   28  187  -29  133
 103 -147   24  113   36   23   82 -142  159   46  127  129 -129   29 -127 -190
 158 -100 -192  186 -140   48  -10   35  -71  -25 -179  156  149  179 -123 -160
  19  100  153 -145  110 -177  -88 -143 -144   27  -27  -74 -144   46  122    1
 145  -83  -13   -8  164  176 -172 -106  139   35   37   88   14  114  128   20
-198 -131   75  112   78  -26  168  134 -199  -58 -140   43  -25  182 -156  107
-101   30 -101   51  194  113  144  133  -51  -19 -191  -50   82  -76  170   84
  -8 -167   -4 -129    6  151   -8  194 -107   51 -175 -145 -179 -131  161  107
-114 -139  -42   67  173   89  187  109 -130  196   47  -60  -80   17 -176 -100
-163 -193  157 -170  157  -51 -176   38  -13 -151   92    8  104   54  -85  189
 -98 -140 -155 -125  148 -168  -28    5 -172 -181  144  135 -177  -45   22 -141
 -39  166 -112  -81  -85   99  156 -111  147   48   96   51   89   -2 -172  190
-155 -128   53  192   91 -175  185  -94   30  -83   28 -160   72 -150 -102 -167
-184  172  -49  117 -141   94   -6 -194  130 -110 -156   19 -124   59  197  -80
 -82   50  100 -191 -138   85  102 -121 -198  -70  -82 -139  -20 -197 -106  182
 174 -168 -112 -166  126   81   26   56  -42 -142   62   33  -96   59  -59   21
 -91   28 -182  157  100  119 -164 -111 -151  -47  -50 -184  -45   43  198  117
  74   73  -62  187  -46  -49 -169  111    8   93  132 -101  139   60  120   36
-112  -75   -7  -25 -156   29   63   79  -31 -187 -117  -88 -157 -119   16  -95
 -59  153 -108 -118   91  110  -20   87    3  -88  185  129  -41  105  -35 -166
  17  158    8 -152  174 -128  127  -57   71 -190 -158  -98   77   57    6    5
 197 -115   86   89  194 -134  -24  184  -22  -39  114  -76   54 -121  -42 -129
  24  -47  -81   -2 -188   33  -71   83 -170  -30  -28  106   15  177   98   12
  49  -16  -99 -168   49 -136    3   14   25  -83  138 -121  183   83  136  194
-164 -145   -7 -152 -125  -91  -82  -96 -134   89   -3   80 -146 -105   80 -110
  78  -32  -79  -72   32  124  -71 -143   28 -133  122  198  -63   58  193  -27
 -99  -14 -192  -25 -118  112   79  134  188   63   15   29  158   82  118 -176
-150 -160  -49   81  -49 -132  -75  178  -66 -153  177 -141  105  -42 -181   -7
 -69   13  167   12  -75 -166  -54  -87   97  -52  141 -157   17 -153 -134   67
-114   17  135 -176 -128 -139  -10    5  -93  154 -149   -1  -88 -131  -21   42
  81  -53   41   -7  167  186  105   64  122 -166  106  -61 -119  -40   -7  153
 -36  -71  177   35  -11  154   27 -117  108   78 -130    7  146   48   36 -184
 -18 -123    8  -50   50  101    1  -28  134   95 -101    2 -145   91  -44   18
-180  120 -147  195 -138   79 -121  169  144  -52  163   91  -17   -1 -106  165
-137  101  102  112  189  -97   72  124  -15  170  113   39   61 -131   44 -131
 -24   96 -136   37  163  129  193  107   64  156  185 -152  142 -121    0 -195
 -32  -98  117  144  191  -11 -144  -23  146  169    3  194 -162 -152 -137 -198
 -69  114   38 -106   43   32  -11   95  175  -26  -70  118 -159  129  -90  195
  18   14  139    9  -10  195  185  -64  -48  -11  118  -11 -176  -32  -10  -46
-118   16 -164  -87 -152   24 -192   10  -15  -63  115 -187   53 -174 -192 -129
  39  -65   79 -170  117 -147  152 -131 -171   70 -155 -148 -161 -177  192  107
  38 -172 -180 -127   51   14   82   24  -62   -2   36  -22 -189 -168   48   49
 -34  115 -134   70  167 -181  138  -17 -124  -30 -178  -86   -8 -186 -178   17
-158   28 -123 -120   30  -53  103  167  -68  127  -54  -58  158  -19  -22  111
-104   44  -19   50 -150  106 -167  -75 -124   41 -173 -144   55 -152 -140 -116
-137  -63  -37   92   83   54 -152 -185  -19  180  -44  -61  -39  133   37   57
 164 -182   94    1  -89  -85  126  173  155  152 -171   10  -13   76   93   49
-187   44  129   95 -102  176 -103 -134  156   52  191  104  172   28  148  -75
-167   43  125  -57  157 -161  -84  112  -22  132  110  164    8  190 -198 -192
  34  -82  102  -81 -106  -14  -16   37 -162  162  -59   -3  -10 -110  -91 -190
 -80 -165  -48 -123 -127 -144  -24   51  -25   73 -197  -30   64   -9  -23   85
 108   66   -8  -11 -148  -37   13   76  -74  -58   60  -97 -181  169  -87  -62
-196 -148 -198   63   94  -23  101 -131   38 -108 -174   89 -130    2  -26  178
  55  -47  154 -106  116  155  169 -158 -103 -182  -56  -85  186 -156   52  -23
-104   53   27  189   17  -71   46   42 -192   71  -69 -123   61  105   42  103
  45  184  197  -39  139  -46    2 -164  -29  -66  137  -43  164  176  -79   47
-183  148 -175 -179   64   70   63   71  128  193  147  176 -114  177   80  131
 161 -135 -108  100   18 -118  -77  -23 -197   47  -79  166   23   42   14 -173
 -10   38 -153 -146   95  109  124 -189 -109 -141  187  -24   23 -145   94  -16
 -81  186   71  136   55  -19  -87 -155 -172   34 -189 -162   63 -188 -136 -147
-163  -89   93  -81    7 -195  -70   97   50  -83   61 -126  -29  -45   57   89
 128  116 -187  170 -103  113 -185  112  134   13  149   -3   24    1 -163 -151
-101  129  -33  105  -79   96  190  170    0 -161 -156  170   -7 -111 -153  109
-195   47   79   88  -40   94    0 -106  -93  137   90  -82  -62  126  -34   36
-157  133  128  -37 -183  118  -67   17  156  164  174  137 -147    9   46   44
-144  112  119   15    6  -80  108 -100 -143  185   18  181  111  -29   17  153
  91  -55  103  108   51 -164  112    7  199 -126  131   39   82  164   70  137
  77  -10  -48   70  109   47  170  -47   32  175  -66  130  133  150 -129   25
  82  173  120  -67 -190   32  -72   -4  105   46 -164  175   11  105  112   75
  82   52  -55   -9 -101  102  -69  -81 -135   64 -151  198 -198  -80   23 -128
-107  130    4   89  -38  -81 -114   54  165  108   29  -24 -199  129   38   83
 -19  182   61 -133 -127  -20  -15  124   31   34  122   33  -59  132 -108 -179
  62   95  110   11    2  -17   53  -33   78   69  -70 -134   -2  167  -64  -34
 -63  -15   33  196  164    5  121   -5 -161 -169   15  166  163  106  187 -187
 189 -115 -188   -9 -145   64  157  132  -67   74  -15  -81   41  121   84  -35
 -94  104  -38 -130  -90 -117 -148  135  100   67  102 -149  -27 -123 -136  -38
 148   62  -60 -197  113   84  -78 -154  -42  106  151  -14 -185 -176  151  -80
 127  -87  176 -163  182 -171  172   82   95 -138  133   55  -62  -16    5   73
-154  144   75  158   29  196   -9  -26 -110  -57  160  -95  153  111 -188   80
-176  188  117 -194    4 -123 -125   86  -62 -192  -59 -137   -9  -67  135 -176
-122   10  181 -106  193  160   67   70  -97   27  -38   43  -62  -26  -77  148
 149   27  153  140  103   16   26 -159   23  -46   90    2   87   25   25  164
  22  194   45 -197  154  -88   73   44  139   22 -113 -123  195    9 -174  -68
-163  -34 -128  139  181 -115  -32  192   39 -142   -6  113 -129    6   77   92
   0  -78   95  -46 -179  155  197  159  -23 -116   24  160 -119 -163 -108  -83
   2  151   43  171 -164   -2  -49 -138   56  -68  174  -86  137 -161 -194  125
 147 -112   66  168   30   64  127 -192  -65  138  -45 -197  174 -166  -81  164
 184  -50  -77    8  147   73   69  190   -8   44  -96  -71 -130   97   41 -182
 -28  -92  185 -197  -41 -100   -3   93 -161  151   96    0  184    2  -36  169
 -61   86  164   74  146   33   64  -62   64  -44 -145  134 -147   95  -61 -188
 -10  111 -186  148   -2   10 -170 -176  -39  -87   24  133  114  -25 -110   41
-138 -146  -85   -5   86  -34  -79  138  121  -25 -140  -39   57   -2  -27 -152
  96  -14  -17 -106  -16   12  -82  -68  124  141 -135 -173  -84  -46 -145  164
   7  -31  147   81  134 -132 -193 -156   42 -134    4   86 -149  -36  -79  146
 -62  104 -160  121  103  -43 -147 -184   85  -82   29  -11 -141   83  140 -146
-148   87  134  -27  154  140   16   -4   -7    8   70   43  171  190  -11  -91
-118   28 -170  -27  -27   70  -12   45  -25 -183 -166   33   99  174 -126  -62
  61 -192 -102 -196  -65  114  186  127  -78   56  157 -107 -165  -54  189  -84
 -38    6   88  134 -124   63  -21 -162   79 -199   71  165  174  -68   90 -177
 -60  188 -174 -138 -110 -187  -23   11 -144  -66 -109 -110 -132   67  193   29
-126 -131  150  136  132  116  174   11  116 -167  164 -122  -36 -158  -99 -109
-170  113  140  106  -87  -83  104  156 -162  195 -154   92 -150   26  108  -77
  95   58 -140   27  -25   21   25 -109   53  176  -31 -183 -181 -143   95   35
 -43   35  -58   70  -61 -154   26  163   28 -141   56   78   85  -36  -12  167
  10 -165   -6  184   55    6   62   95  -17 -169 -100  188   74  194   23 -168
  29  -48 -111  167  185  -98  130   13  147  173   78 -180  -62   54  186  147
  88  167  -81  131  -26  180   26  -56   -1  125  -68 -127  119  154   91  135
  94  -33 -110   79   68 -179   79   16  -19  -42 -177  -94   -1 -190   40 -113
 176  158 -182  137  139 -168 -119  125  156  199  -15 -136  -58 -123  -14 -164
  43   76  114   99 -116  180  102   64  125  124  170  -76  133   10   11 -102
 -31 -184   22   95   34 -109 -192  178 -110   -8   29   31 -144 -185   66 -113
  90  167  185  173  148 -125   38   73  198  195  197  -80    5  195 -195  -39
  -2   26 -144   20  116 -137   -2 -193 -157 -173 -175 -102 -159   91  171  -81
-154  -56 -108  193   18  -83 -145   17  -88   39  -76  117 -178  -72 -122 -193
 153  121   26 -142  -29 -176   51   13   37   75 -101   78  153 -130  196  199
-198   75  -20   19  192 -178   23   91   60  146    8 -131 -126 -126 -124   15
 -18  101 -140  152  -87  110  153  149  172 -148 -185  -86  108   -2  100  109
  61   67  116   53   89  -61  131  136 -114  127 -194  146 -199   68  -39  -18
 -31 -192  121 -131  117   74    6 -122  125   20   -9 -178 -181   78  -82 -133
 -55 -166  -93 -166  -27 -162  -42 -154  164  -37  191  -48 -169  140  133  186
 147   55   43 -147  116 -151  -70 -170   68  -92 -149 -126  185  155  -60  117
 189   46  151  149   84  -91  194 -164 -141  -27  -12   76  -87  108   62   48
 150  -95  100   67  140   17   96    9  -88  -66 -130   84 -111   10    1   65
  43  139   14  114   35  195  150 -119  -31  125  156 -131   33 -193  -96  171
  98   -9   38   39 -192  121   35  106   42  104  177  130  101  166   -4  -55
-107 -190   46  128   -7  183   -4  161  108  -47 -170  129  146  121 -112   44
 -88  -87   70  -80 -166  -95   13   75 -190   -9  192  110  144  -12   42 -163
 185   76  164  -22   59  148  126  155  -99  -57 -128   34 -136  -41 -122  -24
  71  -64 -117 -108   40 -117  -46   49 -139  -54  147 -195  -78  176 -158   94
  52   -7   59   99  -59  -15   54 -171  -85  -87   62  -21   71  -72  -58  129
  63   24 -179  -97 -106  -26  -60  -45  -93   74  -41   28   50    0  109   90
 193  -32  -11  121  -60   30  150   55  142   12   21 -199  -73  162  129  189
 173  -63   80 -133 -102 -180 -191    4   93  -32   20  130  -45  116   20  135
-115 -191   57 -188   38    7   66  167    6   74  167  133 -176 -116  -90  -16
  20  189 -161  -95   -4 -153 -103 -111   14  -96    7  169 -180 -173  104  -96
  23  148  103   48  -45  156   16  -51   31  170   69 -158 -145  178   26 -138
 -44   64  -33  151  110 -149   28  112  -46 -165 -131  -27   48  -40 -135 -129
 -91  167  -93 -149  123  -90  186  141 -120   55  183  121 -178    9  -29  -23
  60  -75  -72  157  -25  155 -143  128  -23  -75  -99 -174 -127  152   83  -19
 119  189 -181 -169 -101 -194  171  166   60  154 -125   81  150   45   45  197
 169  173  155  -56  -84 -188   59   93  124  -52  118  196 -100    1  164 -180
 178  182 -150 -123  187    8   30 -164  -37 -107  -96  100  137  149   98 -105
 -90 -159 -174   25   39 -127  -82  -37   20   23  146  119   12 -102  138  -10
-119  -25 -146   55  183 -128 -122  133  -36  -18   33   88  118  118  182 -172
 -54   -4   52  185   68  -42  135 -112  -32 -130 -193  179  -33  -67  156 -165
-105 -189 -122 -122 -118  -45   -2   45  -76   19  -67 -158  124  103   56 -129
-101   96 -144  -46   41  -22   41 -191   47 -165  -24 -185  154  -68   36 -150
 129  113  114 -189   56  100 -157  179  -81  163    9 -157   66 -135  -87  -48
 -52  155  105  188  121  133  -15  155  167  -52  -43  122   79  193  -41  196
 106   60 -193  -38  -40   37  129   78    0  -62  -91   53  189 -191 -195  -62
 -48 -103  113 -127 -170   85 -172  -16 -167  -15   93  112  -22 -148 -104   71
 112  -98   21   59  -74  -50  -62  125 -125   46  -22 -136 -158  169  188   -7
-134 -110   65   82  174 -119 -133 -192 -147  159  -93 -182   -1    2   88   98
-109  -91  -43   17 -154 -118  129  -80  -85   95  171  -43 -148  -53  149  -82
-176 -197  -13  198 -117   53   -7  -65   13 -113  139   -1   88   27 -103  -34
 -76   53  -30  156  -77   87   64   37  169   35  193 -179  -31  143  125   -7
 145  -87  178   15  165  158  -63  165 -155 -124  -36  -80 -110 -152   85 -199
-111   43  157   11  -70   21 -152 -101   43 -158  -81 -188  184 -155  191  -83
 -43  -43  -81  109  -85 -157   75  -41  105   26   78  194   74  151  195  162
  -6  -60  -27  123  160   20    9  190   61  127 -198 -167  -41  -19  136  -97
 137   42    0   40   84 -125  198  176 -112 -135  171  161 -184  -46  -89  196
-119 -129  119   28   91  115   18  139   42 -193  -40  -11  -13   83 -121  112
 -74   78  -48   -3  -60  137  -26   28  -11  132  176    4   73 -112    0  153
 -42  106  -19   36   21  198  163   51 -195  -77   27  179   -7  105   91  -94
 -16   30  103  123  154   64  -49  -56   -4  115  147   56 -197  135    9  147
-171  -23  -16   50  -25  134   88  166 -143  -85  -67 -163    7 -176  -57  190
-159   33  -98  195 -103 -160  -61 -120  154   73  135  156  195  131 -108 -175
 -92 -137 -138 -130  196  -63   23   40 -161  156   76   45  -33 -181 -176    8
  51  -75  190  -65  -36  116   14  -81  176  136   62  172   67  -59  -16  174
   3 -167   31   -1  -31 -145 -161    7 -189  115   39  164  -79   62  -28  -40
 186  149   94  138   65  -91   44   42 -155   93 -198 -100 -165  -15 -126   37
  17 -107 -163  -27  -53   62  179  144  -23   18  108 -114 -119   68   45   54
  17  -61  179   70 -165   23   99 -120  104  100  -21  138   72 -160  162   76
 119  -14 -151 -134 -151   15   -3   25 -167   93 -102  100  -39  142  142  -35
-118  121   22  -84  132  -79  182   36    8  148  161   67  -24  123  -57 -105
 -90   -9  148  -42 -194  -55  -30   26 -162   68  -74  185  197   55  -49   66
 164  -40  182   96   81  -48  119   76   88   80  -56 -136  190   86  145   87
  65   93   32   70 -161 -197   83   63 -142   -3 -163   42 -148  -13  -91 -184
 146   78 -101 -185 -170 -182   91  117 -115 -165  -32 -124  -92  -86  -50  172
-193  182   43   32  -28  113   83 -183  -90  119   58  -38   93  166  164 -173
  44 -136   29 -138 -119  -80  -34  -34  141  134 -171 -151   35  -22 -178 -171
 -40 -148 -151  -81  -48  131  -65   62 -162  193 -176  -82  -53  187  -56  191
-149  172 -147  119   79   18   72 -192  139  100 -143  161 -122   65  190 -174
 -96 -161  -56   55  -43 -133  -83   -6 -140  127  111    6  -97   42  184  140
  15   24 -153   81   30  118   89  -31   18  -67  -69 -116  197  108   96   88
 146 -160  130  -97   93   35 -116  152  149  -18  146   39 -176  -82  -20 -174
 142   26  107  -28  132  183  -72  -50  -84 -154 -179  100  153  116  175 -113
 -56  105  176 -163  127 -140  189   77   41  -77  -84   65   40 -117   90  169
-103  184  -59 -171  167 -143  -22   70  -98   -1  -30   43  102  -55  129 -154
-149  106 -117  177  -47   59 -158  194  181  -42 -153 -191   40  -76  178  -76
 -91  -81  -48   63  162  -82  -66 -135  -96 -109  107 -194   36 -176 -148 -126
 129  -66   38 -117  -20   80   64  -39   25  110  156   52   21  134  176  -83
  41  -72  180    3   45  101 -145  148  191  161  -58 -185  -27  180 -112   89
 101  126  -41 -119    6 -177   41   18  -80  184 -130  141  119 -154 -142  -40
 -26   25  -50    6  113    5  142  105  153 -116  119  -74 -136   -5 -184  164
 -79  -26   32  -86  184   60  131  -96   44 -199   32  -37 -153   90  -90 -192
 102   60   13   16   52  142  108    5 -174   27  -81   76 -178  121 -172  129
  82   59 -157   66  -81  -39  -42  -49  149  189  113  195 -133   11  -10  -43
  58  -10  172  -90  -67   80  -98  145   94   20 -190  -96  128   24   20   11
-116   63   64  189   11    9  -60  -40   -1   41  142 -147 -148  119    9 -103
 -90  168    6 -170 -164  107  174  130  115  183   21 -169  195 -159   41   66
-109   93   55  102  -98  -17   49 -112   11  179  -59 -150   98  -63  -54 -192
 -94  -61 -163  -59   33   -1   58  135  169   66  166  164  107  194   30  -15
  87   73   74  189 -144  -76   64 -146  -97   -8  -97 -199  129 -164   -4   22
 -26 -180  -50 -193   18 -191  142  -12 -138 -104  -48  168 -110  182  141  177
-157   15  -46   85  138 -182  138   28   10   28 -183  126   63  199  -52   24
-181   97   30   37 -107  159 -175  -45 -145  163  110  -55  -67   51  109  -25
-133   50 -140   -8 -145  -15    8   64 -187   24  177 -137 -189  -75   86 -171
  10  104   65 -110 -149 -123 -168  -94   28  -70 -162  160  -32  -66  123 -178
 183  -30   14 -162  155    9 -110  -45   20 -133   18   30  179   91   58  176
  -5  111 -134   46  -25   85  -61 -197 -185  163  -49  -18 -103   61    4 -120
-169    5  104  -27    1  193  128 -179   48  133   50   27   24   95  190    7
   6 -144   40  -31  -72  178  -29  -58  141  -91  -88   25  169  -97 -108  -12
-105  195  160   95  -23 -124  115 -175   -4  152 -161    8   47 -171 -185   41
  71   54 -190  199 -180  167  128  -52 -123   27  -40   33  129   51 -179   11
  46  -31  -94   10 -168 -179   34   28  -40 -140 -164 -192 -112   37   48  -53
  78 -155  133 -115 -188   61 -180 -112   76  -21  -91  192 -170  -71    4 -137
-115  109   73  -83  -82   94  -68   77  154  154   84   29   -9  119  175   56
 163  108  140  -37  157  -53 -162   33  125  -54   25  -58 -137 -171    4  -53
 -74   64 -149 -169  -41  -18  107  100  123  179  -71  101 -114  -95  -43   37
-187   84  199  169 -169 -163  189  -57  -17 -197   84   45 -169 -111  -21  143
 152   30  173   98   -1 -131   -2  -77   35  127 -176  120   19  -19  -43   31
  52  143  188 -129  180  -35   13  150  -33 -102   -5  185  -14  -39  -84  125
 190 -110 -188  -10  145  196  112  -20  123  -77 -100  -58 -109 -155  -39  143
 187  136 -186  -45   88   26  -95 -144  123 -113   28   96   48  143 -190 -174
  20 -179   15  -35    4  114  144  -72   25   32 -143  115 -136 -195   58 -149
 -72 -141  193 -183   85 -102   59  195  172   74 -120 -192   17 -111 -167 -162
  96 -164  189 -100  -63  134 -185  161  153   59   77 -183 -149  -65 -133  -21
 181   47  182 -146  145 -171 -151  -95  102  115  -88  106   -9  -56  143   74
 166  133  -38  -96 -145  -24 -135 -192   22  141 -176   73   64   77 -148   45
 112   21   98 -155   49  -66  -51  138 -150 -152   44 -172   -9  175  102  145
-104 -136 -151  -50   39  -87  144   49 -145  -45  -78  -94   19  160  150  -69
 -19 -164  -25   17  -31  -89  142 -194  -42  -14 -166  -63  148  135 -118 -156
 198  -70  180 -175   42  -88   73 -116   66  -18  -11   73  -58  126 -196  -90
 161  166  126  118 -123   68  -89 -177   42  -56  -41  177   66 -172 -178 -148
 -43  -11   64  -14  101  124 -142  -33  -93 -166   27   48  160   31  158  -91
 184 -128 -173   48  -72  125   70  -43 -131   16  -66  -77   43  142  161  -13
 -68   25  173 -167  -50   18  186 -156   51   14 -121   11   32   24  -92 -196
  96  121   51   11   46  109  167  -97  112   88   25  -44   31  -14  -70  -50
  -1  -97  169  148  120  155  -21  159  156   57  -30  175   69   77  178  -35
  -1 -182  -37   32  126  117  134 -174    5  -41  168   23  -67 -101  172  131
   1  141 -133  109 -115   45 -144 -159   89   25    4  -42   90  -18  -90   76
  -1   72  -92  112  176   30  138  -18  188  106 -195  108   -8  -35   39  -19
 -94 -107 -110  -10  -75  132 -181 -185  -43   22  159   34   -9 -130   97  190
 -71   -7 -110  -94 -177   15 -125   -2  109   66  -93  -99 -169  -67   81  124
  26  -42  -86  150 -110  119  -48 -165  -59  -88 -144  -80  168  153  -90   84
 133  186  -23  155  189   51  -47   98  105   59  -14  135  -20   55 -153 -194
-187  148  -57   90   67   95  -88   -4   -6  -33  115  -38  107   12   33   40
  -2 -189   -5  174 -151  -64   72  153  194   46 -123  -26  -99  -77  166  100
-129  -90  177  138   -8 -111  121  -27   56   36  134  150   35  154   -9   20
 164  -27   -5 -186  108   54  -46 -109 -100   30 -148  187  153 -181   88   11
 115   65  136  -93  -58   57   79  197   80 -199  -65  -85  -58  125  -77  -93
-101  117  107   -6  -29 -139   84 -141 -121  136 -154   19  154  -79 -170 -143
 -26  166  150  115 -189 -183 -100   91 -183   34   -7  145  -40  115 -148 -154
-180  -54   39  178  194  -76 -163 -127   47   69   91    1  190  -92 -155  151
-126  194   66 -115 -189  165  -37   14   -1  -57  -41  -54 -141  198   -9   65
 -56   18   43  -62  -71 -133  197  175  136   88  163  -86  196 -192 -135   57
-198  -82  -71 -188 -117   91   25 -131 -165  -29   15   80  -31   -7  -55  113
-189  -24   38  -61   42   36  101  165  111   64   66 -105   71  -82  152 -140
  35 -119 -129  117  -40 -117  186   -6   54  188   61 -177  -19   -7  -77  179
 168  161  105  198  184    7  163   95   58   30  190  -70  147  142  176  -17
  10   35   87  169  117 -139  150  158 -151  198  -31 -182   -8   91  196  147
-160 -111  145 -176   95  109  119  -46  126  109 -129   73 -161   34   43 -164
-131  118   -7  186  178  130  -68   15  129  100 -180  108   -8    3   55 -181
  91  188 -157  174   97  -51  -72 -189   45  185   83 -129   19  114  -94   88
  32 -114 -138  197 -183   -7  199  -67   81    6 -159   60 -191 -117   78  100
-129  120   74  -45   56  -11  -35  -99  161   36  -29  167  137   77 -157  156
 162   91  153  -34   72  -59   98  -47  146  138 -187  -57    9   90   30   79
 198   91   22   54 -120  186  155   28 -190  113  182  146  177   13  102  140
 -96   56   93  175  -16   -8  -72  117  117  127 -140  -74   18   89   -7 -196
 167 -185 -155   34 -199  199 -138 -189  -99   32  -56 -122 -155 -153    5  -52
-110 -101  111   73   90 -161  177  194  166   25  -79  171  -86  113  -38 -118
 -85    6  115  102  193  -35 -100 -106  196   44  -29   28   90  176  175  179
-125   86 -160  -48  -87 -183  -54   66   41 -146 -175  -57  -46  -14 -188   68
 -21  -86  -29  -28 -134   70   65   49  101   24 -123   -9  187 -147  157   49
 -74  196 -199 -174 -186  133   91 -158  187  115  -16  128   88  182   -3 -132
-103  -45 -173  -38   12 -120 -188  -86  103 -112 -108 -122  127 -150  126   41
-154  -86   66   46   34  -42   88 -191   60   59  137  136   42  -66 -196  138
-124   17   87   87   96 -114  -12   -1  -26   80 -136   88  129  189  -71  -38
  90  195 -191  -75  140   96  -67  187  142 -130  123  -16  190  -86  109 -134
 131   -3  -59   27   82  128   14   43    8   77  -68  -63 -145 -152   99  144
  30 -105 -131  157  -22  189  145  -80 -141   68  104   37  182   13  102  -99
-190 -157  127 -120  171  128  122  166    6   41   91   60 -123  177  191  106
-128 -139 -148   49 -150  196  168   95   64   72  -68 -166 -114 -165  -66   82
  64   49  -51 -177  -23   59  189  -30   87   80   17  163   57    9 -142  128
  69  -91  164  -94  -95  132  -12  -44  192  120  177   65  -58   98  -53 -194
 134 -116   16  -88  142    5 -131   29   72   86  180  116 -105 -162 -168  -49
 133  195 -156   25  -85   31  180  -93  -49  -55  171 -120 -156  106   73  177
 189 -111   76  131 -119  145  147  -60   31  127 -144  -87  -48   74 -149 -115
  69 -106  109  -29  -88 -122   78   63   22   49  142 -147  -45 -197 -169  131
-109  106   62  -29 -161  197  110 -143  124  -47  156   64 -173 -193  148 -117
  87 -154   54  199  110  -68   62  -68  -32  191  172  123  194 -197   54   72
-104  104   31  122 -111  -59  178    0 -118  135 -136  -92  -71 -187  178 -183
  45   32 -184  -45  -49 -135 -126  118   43 -154 -171 -175   35 -129   97  131
 -38  -72 -159   50 -144 -181 -150  124  -59  -86   20   70  113   -2 -126  145
  17 -111 -100  167  140  160 -127  -17 -193  -98    8 -171  159   92  -53  -79
   7  -13  170 -150    6    7  174  -66  120   -6 -196 -179  191 -123  165    8
 152   52  162   92 -199 -165   63   -6  123   58   22   82  -50  169 -197  -56
 -44  -40   -7  -51  167  -33   83 -125  160 -126   83  -61  138 -164  -66   90
  88 -104  170   88  -69   33   69   41 -109 -109  -76 -172 -140  -74  -29 -196
-126  163  139 -159  118   22  102 -134 -116  -15    5 -178   21  138 -101   96
  22 -131  171  -60 -111   40  180  166  130  -96  193  -22   30  -36  168 -109
 115  107  -69   33  117   20 -114 -199 -194   90 -178   26 -183  107  109   38
 -36   80  177   52  107  157   19   37 -138  199    2 -121  -36  157  -31   66
-147 -113   86  169  106  171  169  111 -150  -22  124 -134   72 -179  103 -164
 100 -132   88    7 -175   94   32   73   93   21  151   44  166  107  -90 -181
 193  -17  187 -112  -45  -56  -14    4  -91   98 -143  180  118  -53 -183 -193
  14 -108   13 -174  -27   32   99 -134   41 -162 -102    7  145    7 -187  -74
 -22  -13   13  -80  130  -13  -89   26 -115  -33    6 -197  113 -190 -191  114
 -99 -190  139   73 -171   38  -73 -143   76   24   63 -191   18 -137  121  195
  49  122  102  166  -91 -187   -8   -7  -21  -14  182   79   -5  191  180 -116
 -12  120  -56   16  -42   70   73   21   81  123 -183 -100  -26  138   82 -177
  60  -15  -23  168   -3  168  -39  -36  141  -57   30  124  121   11 -192   96
 -69  138  -87 -124    9  -27 -115   77   83  -99  176 -143 -161 -153   67   98
  31 -156 -146   15   -1 -198  -34  -59  132  -16   52   53  194   59  137  112
  -3 -150  -25   -7 -190   59 -129 -120  -52   34  -63  -14 -132   -9   72 -114
  34  -87  101   20  -85   54  -52 -153 -162  199 -113   19 -154 -176  118   43
  60 -106   23 -143  -60 -119  -63   87  -97 -139   61  -30   51  120   56   72
-167  144 -108  -53  185 -172  180 -176 -173 -132 -170 -127   78  148  -97  -61
  29  125   -5  168   -6  131 -156   96  -21  104   53 -170   24   96  101 -156
-172  -19   -9 -186    8  158   24 -178 -174   53 -106 -108  188   -4   30   17
 109   12  173   90  131 -183  173  -90  120   26  -60  131  110   28  174  137
  -4  152  -62 -196  111  161 -174  -76 -197  106   15  -22   90   32  -17  186
-155  -44   76  175  -28   49   72 -108   62 -188   10  159 -172  171   97   23
 124   22   27 -177  -16 -160  -54  173  -67  -51  138 -177  180  -79 -191 -175
  76   84  -13 -152  120 -140  126  170   58  123  129   85   95   26   96   19
-151  110   41 -180  149  -26  -20 -118  122  -82   92  103 -173  100  -85  102
 172 -110  -62 -120  136 -136 -150   -6  187  179   67   82  192  -37   88   28
-127  116 -165    9   77   14 -122    0  -80  169   90  133   70   -8   35 -170
-131  172  -91 -195   24  -41   -1  198  125   53 -132  117 -184  155  -54   75
-141  167 -116  135  169  -39  122 -111  -69  199 -178  -12   -8 -156   17   60
   4  -87   65 -172 -141   51 -174  183   91   80 -111  106 -177 -178  -19 -119
 188 -148    3  157   12  -74   33  142  -75 -158  117  -96 -114  121  164   89
-165 -183  -96   80 -145  116   64  -67   -4  152 -161   18  173 -193   98  -51
-142  -99  -93 -143 -186  139  -13  -61  181  -96 -170   54 -174  -19  -57   47
 184   46  -73 -161  -38  -22  -29  -55  117  196  162 -122  -10   60   27 -165
 -52  -79 -108  -38 -140   78 -112   28  -31  -83 -118  181   98   24 -184 -130
  57  130  -91    6   95 -133  150   13   51  112 -122   28  159  104   63   95
  12  -58 -143   72    7  131 -100  175   35  169  -55  120   -7  -40  190   38
  77   86   31  -27  -60  169  185  -22 -131 -137 -193   16  -45   69  -89  166
  -2  154 -174 -195   85  113  -33  107   82  111   28   62   59 -194   87  -64
-121  -81  108   18   75 -119  196  143  -56  -10  -41 -114   46 -143   39 -156
-189 -147 -152 -117  165   14  190   47  113 -194  -91  -28   -2  196  107   76
 102 -196 -106  -23 -116   77  107 -185 -133   54   87  112  110  -73  -57  121
 -21  -10   -9  -56   -8  -19  -22  -95  173   86 -136  -29 -130  -42 -153  -41
 -39  128  135 -167  192 -169 -153   47   84  134  146  181   48 -110 -110 -173
-133   81  157   58   49  122  -50   23  195 -199  -19 -134  -41 -184   24  -93
 -69  147  -61  -77  -35  173  169 -151 -105  116   17  142   -7  107  -44   59
 -12  100  -82   24   22 -145 -153   17 -144 -184 -130 -198 -169 -118   95  -39
  16   22   83  180  182 -159   16 -123  -56 -167 -181  136  139  -26  182  114
  61   87  -61 -117  142  172 -113  -15  187  144  173 -182 -174 -144  -22   41
  77   49 -191   59 -123   24  -77 -192   56  -59  143   -4  -98  -87   97  162
-199 -164   32  -70 -191  119  114  -17   63 -125    1 -124  -70  -34  116   -5
   2  124   41   78  -52  164 -127   -9   92 -184  186  194  116 -128  -56  116
 -93  176 -154  102   95  -53 -114  145 -191 -126 -179  -62 -173  136  -80   29
-152  -51   94  182  -87  167  -27   -8  -30  147  -14 -114 -181  -82  -11  112
-106   34 -197  -24  -32   75  -79  -24  148  -59  -98  -38   64   21  -22 -101
 -43   60 -119   69 -185 -159   49  -16  -25   22 -142  180  139 -166 -119 -167
  68 -117    8   23  -55  128  199   80   56  -99 -158  -80  -91   20   18   66
-120 -114  122 -106  114  158 -135 -111  -19  109 -130  -80  143  137  -47  198
-180  -52   21  -36   64 -192 -156  -80   95   72 -172   -8 -108 -167   45  158
 -81  154   39 -167  113 -108  -79 -106  -12  177   13  118  114  -47  -96  -79
-111  -87 -128  152  -80  102   59    3  -25   86  194 -146  119 -173    0   25
 180   26   57   93  -95  -35  -26   93  130  187  198 -168  127  -97  140 -184
  15 -188  -45  -78  -98 -185  124 -136 -112  -94  104 -193  -68  -96   31  100
 -82   75   -7   22 -159  167  102  -42  -58  101  -11   56 -196  -71 -140 -194
 128   14  -73 -170   28   39   80  -96  -68  -16  -90   64   88  -71  -36 -194
  -9  -56 -185 -181   98  117  -24   27   18  -47 -116 -191   81  -57 -186  196
 156  127   13  172  -34 -107   63 -114   77  172  149  152   88  100  -55 -120
  31  -41 -102  -70 -124 -138  156 -119   14   27 -111   82  -43   89 -133  101
  17   79   73  -30  172  -64   55 -163   95  191  188  171   91  -67   38  110
-121  -77 -160  -45  -16  -17 -177  -15 -189  -88   55  -33 -199  121 -132 -195
   0  -72  -25  159 -149 -170  195  -66    9  -29   92 -100 -109  -70 -190  -30
-160   36  -88   24 -180  -66   -4   17 -167 -149  -29 -166  -41 -173   25  159
 141  199  -94  -20   17   89  -99 -174   47  192  112  138  109  -90  -92  148
 145 -193  159  -48  -60  -44  -44  160  193  127  193  -47  -59 -194   99 -118
-194   -8   61   22 -119  161 -165  128  -59  146 -146 -150 -144  148  198  -11
 154  157  140   81  100 -103   41 -118   11 -178 -178  151 -172  120   20 -167
 -88   69 -158  180 -182 -124 -104  -41    9  -51    8   65 -103  193 -146 -149
 -61  -19  131   26 -135  160  107 -137  181  128    1 -191 -164 -178   28  135
  90   69  115  107  -68   -2   53  141  146   49    6   30 -170 -153 -132  -32
-185  -14  -18 -120  -54 -111  -58  -72    5  143  -64 -172  -48  164  162   29
-179 -135  -64  -47 -150  -23 -106  195 -174 -113 -187 -145  120 -120 -189  134
  66   -8    1 -188 -132  143  126 -140 -126 -137 -112   25   14   37   41 -178
-110  -36  -26  -61  140 -145  122  -47  -59  134    8   48    2 -194  -17 -132
  -3  183   66 -148  -86   -7  -88  174 -157  186  186 -156 -189   27 -135 -100
 191 -173 -173  131 -119  -64 -115 -190   57 -120   57 -141 -115   27  113 -131
  11  167  -80  -88  147 -181 -113  -23 -195 -127   20 -184  100 -128  102   91
-102  128 -190  -21   51 -106  175  -91  160   32  -33 -155 -140   68  100 -142
  35 -179  156  169 -161 -157  -54   31  -84  165   46    3 -163  135   81  122
-148   90  -99  102  -28 -124 -189  -68 -105  165  164  141   33   64  -14   55
-128  -57   24   98  -15  169  -71 -112  -78  174   90  145  109  158   67  160
  49  -45 -149 -179 -182 -139  139  100 -174  103   41 -154  155 -172 -112   14
 157  111  -88  -58 -132   40 -182  176 -198 -105  122  111 -146  176 -141  102
 119  -91  -90  136  157 -151   36  -30  -60   65   16   82 -120 -109 -104 -163
-197    8  165   57   35  182   34   37 -122  143  135  118  119  -19   20   38
  90  -83  162 -165  152  185    4   79 -162    7  148  -83   98 -155  140 -112
-160  106  144   74 -124  165   98  140  108   33   58 -184 -185   65 -159 -108
 181  -10  -74  -78  -24  -83 -199   13  124  149  -82 -190  -19 -142 -103 -192
 -49   28 -131   27   -6  167  154   89    0   13  104 -198 -122  -67 -107   47
 122 -194  -44   85  110  -44   86 -178   92 -196 -169 -127   48  -73 -120  199
 154  -51 -186  135  103  167   25   90  167  -71   92   33 -151  -28 -120  171
 165   35   56   75  -22  -58   96 -129  132  -86  130  -19 -172   -2  -20  181
 -66  180  -95 -163  -65  129  126  -97   45 -194  135   94  165    2   65  -82
  24  108  -20  -11 -149   63 -153  182  176  177  -37 -196  -25  -70  -28  108
  97   76  144 -167    5 -142  122 -149   51   57  -68 -196   46  196  -79   57
-108  100 -154  -58  -37 -107  112  -61 -130   62  -58 -168  -20  113  139 -123
 177 -129   96  -18  115   18 -180  153   62  -49  156   95  134 -123  -48 -173
 176  185  155  126 -122   67 -135  134  117  193  -47 -103 -105   79  160 -128
 -63 -155 -159 -148 -150 -139 -194 -100  198  -51  194  -79   26  134  -53  189
 119   89  116  -16  144  -32  105   61  -38 -142  -55   56  136   92  -85 -127
 136  -45  111  186 -197  -96   73 -198   53   67  -78   66  188 -144 -157 -105
 144  158   78   88  -73  170  136 -124   15 -119  -81  -49  173   33 -189 -103
 187  -90   70  190   13  -57  -21   53   -2 -112  106  -14  -57  149   81   74
 107  146  150   21  117   86   96  -68  -45    2 -129  -72 -165   68 -188   10
 177   82  187  178 -175  -34   31   22   53  -62   -4  -17   74   64 -143  -19
  10 -193  -10  114 -119 -114   34   35   88 -108  -50  -90  159  -39  119  -75
-157 -106   90   55   59  108   64   99   33 -140 -118  -93  -89  126   88  -91
 132 -122   10 -187  150 -156 -165 -174  122  -16  123 -130  145 -170   -6  -25
 -76   71 -170  182  -21 -118 -130 -187  128  -49  -81 -160 -123   -6  -52   -3
-141  157  196 -190  -11 -168   22  -89 -197  -55  -20  147  -25  -39  110   98
-168  -73 -132  198    8  -63 -189  -63 -124  -71  163  139  123  -89  123  181
  55  120  -22   31  -61 -199  142  -59  132  109   76   94   58  -14   -8 -123
 112 -152 -125  -79  171   72 -155 -153 -198 -192  -26  -88  105 -103   80  147
   4   46  -21  -70 -166  108   71  165 -195  -53   60 -150  -80   39  -73 -168
  86  188  139   58   61  -29 -108 -150  165 -147  148   70  137   28 -194  -59
  61  -16 -141   94 -108  129 -152   83   63 -105  133  182  133 -140    1 -192
  35  128 -147 -104   86  131  132   52  184   80  -78  -91   96  -73 -163  -43
-102 -105 -148  176 -176   86   60 -126  180   -7   43  -99 -160 -155  -92 -138
 -40  147  145 -154 -133   77   97 -149  -42    7  146 -146  -79  182   10   19
-122 -151  182   88  134   42  162  -98   22    5    3   61 -163 -102  -89  183
-154 -144 -170   99  132  -86  -63 -110  120 -117  130   29 -135  128   35  -58
 176   17 -169 -101 -140  -20    0 -131  -28 -197  130    9   88   28  179  -79
  83 -191 -180   15  110  -44 -107 -182   38 -177   46  102  150 -119   32  -85
  98 -150   13  -55   29    0   13 -199  190  130  196   78  -42  176  198 -159
 -28    5 -156 -118  160  -64 -100  185  -42  -67   87   96   14  106 -189   99
 155 -189   31  -16   10   31  172    0  149  -44   65  -93  119   63  135 -108
  55  178  160   15  101   47    0   46  180   75  129  181  -19  139 -132  124
 -63 -114  -92  -65  116   67  134   65 -176  187  -40  142 -162   82   21   93
-152  169  -92  148   16 -104   -6  183  -42  -76  -48  -74   50   19 -150  -25
-108  -42  109 -191   12 -169 -139 -177 -182   20  -47 -144  -98  173  -64  136
 -70 -169   84  146  -74   66  -83 -129  -23   69   -3   14   75   46  188  167
  -9 -115  -37 -196  -84   23   13  120   31  165  -37  132  -73   98   69   56
 129  140  189   42  193   94  113  -30  150   97  -28   25  -57  147  179  134
-167  -58  -75  135  -47  137 -157  183 -109    6  -97   17   91  171   60 -192
-100 -162   50 -107  131  150 -149   81   47   22   93  -23  -31   73   98  188
   2 -177  123  154  -52  -46  137 -174  159 -159   42 -162   -1   89 -154 -114
 126   95  -21   57 -167 -183  -62 -133   38 -168   43   -6 -108  -58  -17   93
 151   93 -164   86 -153  172  111   -7    0  140   31  -13   30 -136   72  -44
 -54   38 -186  -22   54  138 -168 -108  169   74 -126 -139    3   56  -58  142
 136  -23   28  -29  136  -60  -49  124 -120  -31  -89  109   32  182 -134  -35
  21   66  142 -125    4  -39  154  161 -164 -172    9 -174 -129  150  167   -6
 114   -4  -48   51  -77  103  162    2   59 -127   99   79   42  -48 -156 -137
   5  -26  125 -191  134 -133  -43  -43   81  166  -17  151  -96  137  132 -181
 120 -115 -143 -157  -25 -181 -167 -166   78  -81 -100  -80   70  -56  170 -125
 117 -117   70 -161  -51 -172   -4 -170  193  -34  -32   84   90 -100 -110   11
 171  133 -159  -54  -61 -127  167 -183   -9 -133  124   48  197   94  -90  114
 -36  180  -59  112 -192  136  -71  -12   89 -116   59  -21  170  149  189  142
  82   18   75    9   90   42   25   69 -103  136  104 -106   30 -185   -4  193
 -18  136 -107  176 -140 -191  -36  -64 -108   10  114 -137  -41 -108 -195   29
 109 -133   25  186 -103 -150 -157   -7  -26  147 -126 -196  -51 -143  -15  130
 -20 -135  106 -173 -126   57  -38  -35 -133 -123 -185 -186  155    6 -170 -148
  73   54 -162  169 -109   68  149   64 -197   10 -144  -49 -145 -172   68   34
-108  -26   61  -35   18 -177  -82 -128   86  119   72   41  -74  101   92  198
 142  -82  -45   21  185   91   72  187  -99  127  125  142  154   -7  -23   34
 166   25  -14  171 -165 -109 -157  121 -189  115  149  -64 -196 -170  121  146
 134 -124  -33  -93  166 -161 -106   54  -46    6   -3   95  198  -39  -71  -48
 185  -97  -77    7   -7  152  -72    3   67   65  -74   71 -118 -153 -195 -184
 -78  158  109   75  -16 -197  117  -75  195  101 -179  193 -138  136  132   34
-161   42 -159 -180   -6  156   22   49 -191  -64  -80 -110  -18  111   92 -108
  69    1  -46   40  190 -129  165  185  -41  185  -34   20  -91   85   41  -52
 -73   82  154  120   38  163  -31 -166 -101 -124  -77   81  -26    2  -40 -157
 -10  113 -129  -20  -28 -164  152  130    8  105  138  116  -10  -21   51  116
-139    5 -176 -114  156  180  -81 -145 -144 -171  -77   30 -182   82 -140    7
 183  -70  -26  -45  152  113   72  -40   18   10   64   -5  189  102  -89   37
  95  122  -89   51  102 -183  105  -55 -154 -171  -38 -137 -102   22   70 -119
 -61   31   35   79  -55   95   26  162  -95 -110  145   81  -20   43  106 -125
 -35 -183  125 -133 -167 -182  199   65   33  -39  -84  131  182  185   -1  109
-196   22  -12  -52  -83 -186   98 -191   91   43 -122   58 -114  183  132 -161
 -13 -155   92 -193   49   91 -140 -117 -147  -25    1   22  147  199  118  150
  21  -94 -101  137  107  196  -66  185 -173   11   43  -88   -6  162  -50  -32
  -6 -157  161 -157  133 -179  112  -27   -5  100  -17  -58  100  -99 -107  108
 194   -9 -166 -111  174  -33 -126 -199  177  -96   99  158   53 -150  113 -153
  79   74   76  199   95  176  160   77 -136  -57 -180  -49   43   99 -140   37
  77   80  125   51 -153  -14 -161   11   89  137  156  129  -26   69  -37   40
 -57   27   40   25    3    0  -97 -146  -70  109    5  172    8   64   10 -115
 131  122  -77  177  -91  -39  175  -15   85  131  -85 -140  187   77   99  -70
 -96  126  -57 -106  113 -167  -52 -157  -71  152    3  136 -196 -187    8  134
 -78  130 -101   30   78   61 -184  -37   -8  -70 -190  -21   -6 -103 -104 -114
-177 -174  -21  -76 -142  -86  153  -14   53  -44  109   56  155  104  177 -122
  34   63  107   99  -76  -90   50  -97 -173   59 -131   21  155  152  106  -34
 -35   72 -123 -189  186 -170  183 -173  173   93 -129  128  184 -152 -194 -193
-101  -99  105 -190   10  -45  100   37 -185  -44   45  -43  -92  138  122 -139
 197  198 -129  -29   16 -146   -2  -11  -66   68  -83  -81  -97  110  -75    1
  -2 -170  198 -192  172   98 -168  -26 -146 -136  130  149  -11 -159 -190  -13
  26 -120  157 -158  120  -45 -182 -145   10  122  -27  113   32 -115  101 -170
 -86   99   24   73  184 -156 -153 -161  -93  177  -25   96 -182  171 -117   43
  38   27 -127  -42  -30 -110  199  179 -188  159 -120 -169 -156  181   47  145
-132 -128   18 -147  -85   65   78 -191 -170 -147 -108 -153   11  161 -123 -151
 -11  136  193  158   14  193  -75   25  152  192 -156  196  173   90  -71 -159
 -51  146   80 -149  198  -42 -140 -172  197  -49   61    8  -87  -74   56 -111
-138   50   34 -137 -169  -54 -124  182  -62  -81  -34  -89   -4   94  139  145
-171 -193  195   14  -35   42   42  -38  -19   90  -42 -119    3 -186  -31   65
-149 -197  -85 -119  135  -10   51 -126  108 -183  171  -95 -101 -102 -150  114
 -95   32  -72   69 -125  -43   18   55   35  175  -77 -162  -23   91 -110 -185
-119    5 -104 -184  194  -66 -111  103  -50   48   -5 -164  145 -168  -63 -150
  63   65  -94  -75    9  -88  -33 -156 -113   89 -118 -149  167  158 -134 -152
 -37  148 -136  -42 -118  139   48   31  -13   30 -145  120   61   -9  -43  111
  43   63 -163 -147  174  190   83   48   80  164   99   47  -89  -48 -117   73
-100  133   18  -19   72 -134   -1   47   95   53  154  143   32  -89   55 -125
 -39   91  114  -65 -131   -2  -29  148  149 -130  183 -140   21 -134  -79  -92
 198  138   88 -142 -195 -113 -108 -113  -72   33 -169  159  144   85   21  -95
 163  -64 -172 -168  -79   -2  -32   57 -145  -49  -95 -137 -196   25  -30  -11
 -37 -142 -166  154  -56  -74   29   71  158 -153 -182 -110  -81   39   -5   69
 -38   22  100 -130    7   55  126   61   -7   18  123   -4 -157   80  -28  193
 137    6  -65   68  -81  163  127 -123   -3  -68  154  115  170  -51  -16  119
 -42   72  188  164  -73  -97 -187  -92  120  -77  103  -49 -197   63  131  -73
-131 -134  -18  -13   17   96 -149 -186 -171 -195  -83  -14  140  100   93 -102
 159 -131   49 -113  -29   61   -6   79  -29   84   17  -27  134  -52 -113 -197
  13 -143  176   17  152 -172   31  -32   19  -65  154  -40 -165 -165 -155  -18
 -97   94 -144   74  142   49  140  -86  120  -43 -126   55  104  148 -155  -83
-195 -178  -78  156   36  152  112   42   74   66  -11 -104  100   34   77 -197
 115  132 -136 -155  168 -196  145   89  147 -180  131   51  -45  175  -44  -41
 -16   77  102    7 -183   14   37   90   67 -174  185  154   59 -149  -55  161
 182    8 -193  151  199  -61 -172  -66  145  158  185 -100  -79  128   58 -107
   5  148 -113 -191  -38  123 -114 -170  149 -129  -29  195  108  115  -55   91
 111  138   42 -102 -123 -143   31 -177    2   16  -78  -90  131  -32    2  123
 -84 -123  131   77  199 -183 -106  -64   75   65  119  -17  -20 -136 -126   78
-198  -97  175 -122  146    7 -100  -52   10   22   58  -58  -23   47 -135   92
 123  -16  -31  -89    0 -149   46   62  115  -35 -154   82   28  106  148 -183
-190  123 -105  155  117  181   91  -72  190  -51 -143  -33  195  108 -141  -93
-108 -184   17 -120 -134   50  141  -32    3  186   37   18   93  -15   35 -110
 -91  129   32 -174  110  -77  140  101 -141  196   55   42  105  114  148  -16
 129  152   63  194  189    5  -38   -8  178  198 -189   71  -16   45  -52 -120
 161  -32  -95 -141 -122   33  -53  -63   29 -197  178  121  116  -86  -94   45
  53  168 -173   42  160  175 -165  139  -39   32  197  -68 -123  133   11   25
 -99  -96   83  -22  136 -169  114  152 -167 -120   74  -64  180  -33  -32   33
 122   -6   63   83  156   97 -190  -83  -71 -193   49  192  139   47   17   27
 150   87 -194 -126  117  -93 -173  -63  174 -112 -140  154   54   27  175  163
   8   38 -166  -36  122 -157   81   38   37  117 -182  -24  -36 -178 -196  102
 108   -4  -37 -186  102  -11  137 -136 -136  197 -181  -95   24  -19 -131   20
   6  -98  183  -72  -55 -148  -47  181  168  -30  144  120   -9  -65   22   86
 130  -28 -113 -179  161 -175 -116   12 -178   89  117 -167   57  -27   52 -137
  74 -176  177    6 -125  -70  174 -156 -113  -93  163 -135   41  172  151  159
 -56 -162  179   92   49   50   92 -142  127    9 -109  -16  -31  -70 -165   30
 -47 -188 -163   28  129   -2 -141 -184  104    9   68  133  -19   19   92  -88
-156 -141   -8 -119 -104 -116  -62 -177 -120 -184    7   48  -54 -171 -122 -114
-160  101  -99  168   87  -41  -28   -9  167 -160  111  135 -154  190   35   76
-151 -173  156  132   97   82  154  176   97  148 -188   30  176   76  116    4
 -22 -183  -28   52  -24  -69 -157  130  157  -58   66 -197  -68   88 -133  168
 114 -177  100  198 -108   54  174  189  190  -27   19  -46 -151  122  157 -186
 139  117   65  102 -152 -104 -180 -194   37 -127   -5  168  160   61  -76 -138
-128 -176 -140  -37   78   21  -48 -144  193  -41    9   30 -119  -33 -169    7
-116 -116   96  118  -21  116  123    3  188  -81  158  -63  179 -117   -2   38
 -94   58 -198  -29   66  140 -186 -152   86   23 -135  167  -23 -105  161   60
 -22 -154  -22  -56  161   89  -66  -63   -5   80   73  -26  -50   59    0   55
 104    1   14  -30  128 -185 -195   15   37 -131  169 -186  -36  130 -139  -71
 175 -173 -139  -76  115   -6 -151  -90   61  -91 -129 -189  167   70 -146 -141
  58 -145 -183  -13 -131 -179  -11  106 -110  -42  -93 -159   75  155  -31   51
 181 -183  -38 -116  198   10   -7   59  119 -149   70 -126  -91  -89  -67  166
 -35  -51  140   33  -31  -71  126 -154 -126 -166 -114  149  -24   55    0  -43
-141  -51   40 -143  159   20  116   78   70  173  151  178 -116   71  -67   48
-180 -127 -119  176  189   -5 -178 -137 -184  -92 -188   -9  -50  198  147    8
 -52  174   65  -93   -6  168  -28 -136  141  110   30 -175  -18  162   72  188
  22  152  164  198  134  -26 -138  149 -131   60  -60   18   59 -113   13   -6
  48   65 -112 -158   33   59   93  -26  156  110   -2  125 -140 -130  114   81
  10 -134 -132  -56   39  -71 -106 -105  -24   33  112   22  -92  113 -184  155
