 10
-99  18  21 -22  58 -43  81 -71  42  36
 91  67  48  98  -1   4 -36 -96  -6  -4
-76  20 -55   5 -92  45  55  -2 -44 -74
 64 -54 -38  34 -79  27 -89 -79  49  51
 17 -81 -83  26 -13 -37 -54 -46 -26 -70
 22 -53  79 -92  63 -19  -5  45  93 -88
 48  90  53  17 -34 -50   7  15 -57  92
 15 -36 -24 -30 -96 -92  -2 -28 -86 -37
 90  15 -99  -8  66   0 -20 -51  68 -19
-99 -92 -99 -11  50 -25  77 -28 -49  22
 -2  36   9  61  49   7  56  33 -83  79
 -5  -5 -86  32 -78  25  45   3  51  50
-45  35  31  33 -17 -49  94  -9 -71 -59
-44 -50  -6  58 -45  78  37   7 -54  67
 11 -88 -26  20 -57 -53  -3  15  87  90
 82 -45 -31 -69  56 -56 -69  80  48 -37
  7  -6  -4  69 -60 -76 -30 -79  -8  75
 19  12 -44  47 -22 -12 -70 -52  92  19
 25  42 -93  55 -24  38  69 -57  27  12
-66 -18 -88 -64 -26 -90  68  99 -79 -92
-74 -17  16  85  41  48 -47 -44  52 -36
-17  62 -54  64 -82  99  45 -74  34  96
 78  24  -3  56  65 -85 -16  62  63  89
 79 -39 -38 -55  49  30  83  69 -69 -24
 96  11 -42 -69 -79  50 -41  -8  -9  89
-47  53 -78 -64   0  65  76  78 -43  83
-13 -48  51  17  88 -12  37  87  91 -94
 24 -85  85  10  19  24  85 -58  -2 -37
 75   0  71 -79 -14  64  -4 -52 -83  10
-25 -65 -25  75  90 -42 -72 -17  50 -41
-75  67 -20  76  33 -68  87  56  97  20
-87   9 -16  23 -29  70  28 -93  60 -45
-49  97 -15  -9 -64 -14   4  41 -62 -28
 97 -60  34 -50  94  20 -49  98 -89 -59
-29  61  76  31  36  83  22  49 -93  75
-88  75  78  12 -58  83 -95 -47  84 -51
 66  -3  93  49  39  44  88  64 -69  76
 21 -28 -79  75 -49  84  23 -64 -29  14
-31 -58 -10 -38 -44  24 -57  98   9  97
 38 -39 -39 -34  -6  27 -49 -67  43  41
 18  84   4  92  88 -87  71  86 -12  74
 38 -61 -50  95 -11  49  25  -8 -84 -72
-65 -99  33 -32  18  70 -75  49 -50 -82
-33  90 -50 -89 -31 -16  46   3  66  56
 65 -71  19 -63  63   9  78  11   6  16
 80  10  50 -54 -91  48 -35 -64  77  88
 79  33 -69  68  42 -43  -6  74  68  25
-21 -81  58 -21 -61  13 -34  30 -78 -85
-54  42   9  38 -10  16  65  82 -25 -16
 38  24  23  -3 -44  15  77  59  93  45
 43 -70   6 -93  62 -30  81 -19  42  78
 95  93  11 -61  94 -15   8  41  17 -47
-47 -54  98   5 -39  67 -75 -53 -68  76
-84 -19 -55   2  47 -89  55 -48  45 -48
 11  14  26 -79  66  23  90  41 -21 -62
-86 -66 -90 -58 -20  40  35  89  68 -28
 69 -22 -90 -16 -47  94  48  78  71 -59
 47 -80  67 -14 -53 -61  86   0   1  35
 12 -39  60  17  19  20 -86 -19  29 -76
 11  77 -19 -49 -35  39  66 -28 -57  90
-33  64  65 -35  81 -58 -13  34  98 -97
 31  44  60 -81  28 -81 -36 -16 -20  23
-46 -89 -98   5  84  88 -61  35   8  85
 82   5  24  16   5 -16  64 -97 -70  68
-61  84 -94  60  25  32 -16 -59   2  91
 98  47 -34  93 -19  48  12 -16 -42 -48
 50  76 -47  46  55   4  52 -15 -19  20
-80  44  86 -95 -54  73 -26  77 -59  14
-71   8  -8   8  -8  42 -36 -45  89   4
-25  43  72 -18  92  29   7  -8 -76 -90
-71 -18 -87  -5 -74  12  23   0 -28   0
 24  13 -65  66 -78 -20 -57  91 -19 -52
 21 -76  -9  58 -57 -41  40  54  99  -6
-54 -22 -10  27 -65  51 -53   5  55  72
 32 -67 -59 -84 -49 -54  11  70  23 -87
 29  89  77  84  98  38  99 -76  11 -12
 57  33 -90 -59  19  93 -35  72 -18 -66
 20  99  50  11  -9  21 -13  71 -30 -22
 75  -7 -56 -66 -76  92  22   9  97  28
 39  99  -7 -64  89  95  64  13 -40  89
-26  69  22  -9  65 -23  41  15  93  23
-25  46  90 -69  14 -33  70 -68  42  38
 37 -40  51  82 -64 -49  57 -22   4  54
  0 -26  -1  96 -58 -88 -86 -53 -33  16
-71  -2 -41  67 -93 -47  15 -91  56 -35
-59  18 -32 -40  -7 -18 -88 -11  16 -63
 49 -24  91 -72 -78  73  92  52 -83  98
-15 -35  -2 -12  19 -64 -15  59 -63  93
-18 -47 -20 -39  -5 -37  33  72  17 -31
 41 -90 -54 -64  24  39 -55  41  96  21
 37 -10   3 -18  89 -56  51 -57  68 -64
 -8 -82 -66  -8 -54  54  -7  52  13  19
-98  60 -60 -76  34 -22 -21  71 -71 -76
-11  61 -26 -99  80  40  74  47  -8  96
-44 -33   1 -49 -42 -53  74  -5  64  19
 53  11  84 -47  -2  46  12   1 -79 -90
 18   2 -61  60  25  17 -47 -43  35 -52
-41 -46 -69 -80  -3 -11  99  14 -24 -42
-88 -99 -13  23 -44 -66  23  20  41 -73
 77  -9 -83 -45 -48  48 -89 -82 -50 -15
 98  45  94 -61  95  -6 -99 -15   1 -85
 35 -54  93  24 -58 -19 -47 -17 -32 -38
  0  55  86 -34   5 -71 -77 -46  46  -5
 48   2  43 -27  98  77  37 -69 -10  17
-61 -70  86  98 -35 -32  20 -76 -48 -84
 45  88 -57  13 -73  78   8  36 -10  -8
 64 -93   3  32  -3  92  85  -9 -20   5
-95  -1 -16  42  77 -36 -82  75  42 -66
-48  13  43  80 -28 -37  35   7 -89 -96
-22 -21 -13 -46 -18  -4 -82 -36 -24  70
-10 -99   6 -61  88  20 -60   4 -19  39
 19  67  13 -12  44 -31  70  70  55  97
 91 -21  34 -88  71  62  54  56  44   5
 -1  15  84  37 -67  68  34 -15 -87 -26
-45 -47 -34  69 -70   5  41  -1  -9  16
-58  20  75 -64 -74 -18  73  34 -62 -96
 49  55 -51   1 -33  19 -79  67 -17   0
 92 -34 -37 -84 -29  -6 -26 -51 -63 -34
 78 -50 -29  -6 -57  35  49 -69   3  76
-58 -14   5  10 -98   0  36 -46 -48  32
 34 -93  38  31  52   5 -24  10 -59 -72
 -3 -61  95  48 -22  66  64 -75 -97  50
 18  22  73 -51 -51  91  70  15 -10  -6
 77 -85 -41 -27  84 -58  37 -51 -71 -54
-35  77 -78  99  56 -86  75  16 -70  34
 95  83 -32  -3 -50  20  32 -14 -13 -87
-27 -12 -46  63 -81  16 -84  59 -28  89
-73 -98 -62 -18  16  13  88   2 -55 -29
 52 -59  50  -9 -37 -80  72  71 -32  54
-99 -42  50 -87 -89  88 -75 -78  62  19
  2 -56 -95 -76 -21  67  34  59 -52 -25
-82   8  -7  83 -63  84  76  86 -65  39
 48  50 -98  63 -26  50  45  88 -77 -19
 44  82 -96  79 -94 -17 -44  46  75 -50
 88  74 -21 -65  95 -41  27 -90  93 -71
 34  -3 -93 -62 -29 -23  -7 -69  97 -61
-66 -52 -25  76 -49 -97  81   3 -77 -86
-51   6 -71  46 -70 -82  73  28 -65 -74
 52   8 -50   1  94 -15 -36 -84  14  46
-62  33 -89   6 -53  -8 -73  34 -38 -17
-73   6  -7 -44 -97 -99  63  48  61 -22
 73 -87  43  77 -73 -99 -92  40 -47  98
  8   2  63 -61   4  42  66 -71  93  57
  6 -88 -43 -59 -70  50  15  88  27  70
 29  -8 -69 -37 -81  68  -5  62 -92  49
-40 -87 -97 -39  21 -22  39 -77  75 -98
 86 -78  15  -9  43  46  52  59  -3 -89
-70 -69  30   2 -75  53  10   9 -78  83
-20  45  64 -56   0  22 -68 -61  20  26
 97  42 -11 -32 -98  40  -8  44  80 -68
-96 -70 -18 -33  11  50  84  41  61  53
 57   4  39  42 -51  -6  46  98 -95 -87
 82   5 -37 -85 -81  40  83 -55  95 -12
 91  19  67  83   0  37 -32  62  10 -58
-20  70 -31   4  -9  44 -84 -17 -51 -42
-48  68 -19 -83 -29 -79  -9  60 -86   3
-28 -58  15   6  52  43  21  89 -74  58
 74 -67  10 -16  12  30 -90 -91 -12  81
 64   3  -9 -23  50 -44  82 -23  63  12
 18 -96  42  53 -15  31  71  38 -95  75
 70 -50  61  -3 -20 -72 -37 -31  49 -52
 -5 -31  10 -92   8 -10 -50 -81 -39  43
 -4  99  42 -48 -46  19  62 -28  12  29
 87  47 -39 -31  84 -34  96 -63  17  65
-94  94  39 -81 -85 -67 -23  25 -12  -8
 76 -20 -51  44 -85  48  32 -97  63  38
-33  29 -20   8  40  23 -80  44 -15   8
 76  38  85   1 -98  97  25 -79 -41 -86
 90 -92 -92  67  80 -86  69  -2  78  68
 34  12 -18  28 -83  20  68  87 -56 -68
 49 -30  -8  77 -64 -75 -21  83  -9 -42
-52  76  93  60 -61 -56 -40  75  -8  37
-32 -14   0 -88 -34 -92  17  81 -29 -71
 61 -95   4  61 -94 -81 -47  46  40 -61
  4  47  56 -43  65 -82 -77  17 -15 -73
-70 -26 -39  74 -97 -53 -75  37 -22  33
-18 -79  13 -93 -63  89 -66  74 -59 -50
 87  96 -47  84 -24 -54 -52 -36  74   5
-49  25  17 -55  95  68  31  54  58 -62
 -3   1  59  12  52   1 -68  61 -79  92
 80  38  26  97 -57 -97 -35  66 -40 -20
-66  32  23 -75 -45 -55  44  22 -30 -29
 40  57   4  27  88  36 -79  -4  57  63
 31 -34  52  -7   8 -35 -10 -79  25 -51
 44 -30  -5  80  30  51 -99  28  -5 -47
-51  31  28  -6 -20  62 -90  55  15 -86
 22 -82  30  -1  69 -26  85  74  17  19
 64  18  93  27 -53  27 -33 -86  59  49
 94  71 -49 -30   8  19 -63  81  46  78
-37 -25  70  30 -99  67  43  24  83  57
-81  88 -50  31 -95 -81 -38  29  21 -25
-79 -63 -66  81 -51  86 -68  19  51 -32
 -1  92  48 -43 -27 -92  -9  85 -43  19
-23 -45 -22  23 -56 -40 -38  41  24 -64
 84 -69  30 -22 -71  -3  -2  96 -31  -4
-38  64 -22 -27 -82  80   5  86  35  13
-40 -67 -87  48   3  -9 -88  92  -5 -67
 61  -8 -86  79  18 -57  66  18  54   9
-40  16 -88 -12 -18  70 -43 -21 -91 -97
-56  76 -49 -68  85 -26 -33 -67 -18 -29
